0.010 1.489E+03
0.020 2.207E+03
0.030 2.783E+03
0.040 3.275E+03
0.050 3.707E+03
0.060 4.094E+03
0.070 4.441E+03
0.080 4.755E+03
0.090 5.037E+03
0.100 5.292E+03
0.110 5.521E+03
0.120 5.725E+03
0.130 5.908E+03
0.140 6.070E+03
0.150 6.213E+03
0.160 6.339E+03
0.170 6.449E+03
0.180 6.545E+03
0.190 6.627E+03
0.200 6.697E+03
0.210 6.756E+03
0.220 6.806E+03
0.230 6.846E+03
0.240 6.878E+03
0.250 6.903E+03
0.260 6.919E+03
0.270 6.927E+03
0.280 6.929E+03
0.290 6.924E+03
0.300 6.914E+03
0.310 6.900E+03
0.320 6.883E+03
0.330 6.864E+03
0.340 6.842E+03
0.350 6.817E+03
0.360 6.792E+03
0.370 6.764E+03
0.380 6.735E+03
0.390 6.706E+03
0.400 6.675E+03
0.410 6.644E+03
0.420 6.612E+03
0.430 6.580E+03
0.440 6.547E+03
0.450 6.514E+03
0.460 6.480E+03
0.470 6.447E+03
0.480 6.413E+03
0.490 6.379E+03
0.500 6.345E+03
0.510 6.312E+03
0.520 6.278E+03
0.530 6.245E+03
0.540 6.212E+03
0.550 6.179E+03
0.560 6.146E+03
0.570 6.114E+03
0.580 6.083E+03
0.590 6.052E+03
0.600 6.021E+03
0.610 5.990E+03
0.620 5.961E+03
0.630 5.931E+03
0.640 5.902E+03
0.650 5.873E+03
0.660 5.844E+03
0.670 5.816E+03
0.680 5.788E+03
0.690 5.760E+03
0.700 5.733E+03
0.710 5.706E+03
0.720 5.679E+03
0.730 5.653E+03
0.740 5.627E+03
0.750 5.601E+03
0.760 5.576E+03
0.770 5.550E+03
0.780 5.525E+03
0.790 5.501E+03
0.800 5.476E+03
0.810 5.452E+03
0.820 5.428E+03
0.830 5.405E+03
0.840 5.382E+03
0.850 5.358E+03
0.860 5.336E+03
0.870 5.313E+03
0.880 5.291E+03
0.890 5.268E+03
0.900 5.246E+03
0.910 5.225E+03
0.920 5.203E+03
0.930 5.182E+03
0.940 5.161E+03
0.950 5.140E+03
0.960 5.119E+03
0.970 5.098E+03
0.980 5.078E+03
0.990 5.058E+03
1.000 5.038E+03
1.100 4.846E+03
1.200 4.669E+03
1.300 4.505E+03
1.400 4.352E+03
1.500 4.211E+03
1.600 4.077E+03
1.700 3.951E+03
1.800 3.833E+03
1.900 3.722E+03
2.000 3.617E+03
2.100 3.518E+03
2.200 3.424E+03
2.300 3.335E+03
2.400 3.250E+03
2.500 3.170E+03
2.600 3.093E+03
2.700 3.020E+03
2.800 2.950E+03
2.900 2.884E+03
3.000 2.820E+03
3.100 2.759E+03
3.200 2.701E+03
3.300 2.645E+03
3.400 2.591E+03
3.500 2.540E+03
3.600 2.491E+03
3.700 2.443E+03
3.800 2.397E+03
3.900 2.353E+03
4.000 2.311E+03
4.100 2.270E+03
4.200 2.231E+03
4.300 2.193E+03
4.400 2.156E+03
4.500 2.121E+03
4.600 2.087E+03
4.700 2.054E+03
4.800 2.022E+03
4.900 1.991E+03
5.000 1.961E+03
5.100 1.932E+03
5.200 1.904E+03
5.300 1.877E+03
5.400 1.850E+03
5.500 1.825E+03
5.600 1.800E+03
5.700 1.776E+03
5.800 1.752E+03
5.900 1.729E+03
6.000 1.707E+03
6.100 1.685E+03
6.200 1.664E+03
6.300 1.644E+03
6.400 1.624E+03
6.500 1.604E+03
6.600 1.585E+03
6.700 1.567E+03
6.800 1.549E+03
6.900 1.531E+03
7.000 1.514E+03
7.100 1.497E+03
7.200 1.481E+03
7.300 1.465E+03
7.400 1.449E+03
7.500 1.434E+03
7.600 1.419E+03
7.700 1.404E+03
7.800 1.390E+03
7.900 1.376E+03
8.000 1.363E+03
8.100 1.349E+03
8.200 1.336E+03
8.300 1.323E+03
8.400 1.311E+03
8.500 1.299E+03
8.600 1.287E+03
8.700 1.275E+03
8.800 1.263E+03
8.900 1.252E+03
9.000 1.241E+03
9.100 1.230E+03
9.200 1.219E+03
9.300 1.209E+03
9.400 1.198E+03
9.500 1.188E+03
9.600 1.178E+03
9.700 1.169E+03
9.800 1.159E+03
9.900 1.150E+03
10.000 1.141E+03
11.000 1.057E+03
12.000 9.851E+02
13.000 9.234E+02
14.000 8.697E+02
15.000 8.225E+02
16.000 7.807E+02
17.000 7.432E+02
18.000 7.096E+02
19.000 6.791E+02
20.000 6.514E+02
21.000 6.261E+02
22.000 6.029E+02
23.000 5.816E+02
24.000 5.618E+02
25.000 5.435E+02
26.000 5.265E+02
27.000 5.106E+02
28.000 4.958E+02
29.000 4.819E+02
30.000 4.689E+02
31.000 4.566E+02
32.000 4.451E+02
33.000 4.342E+02
34.000 4.238E+02
35.000 4.141E+02
36.000 4.048E+02
37.000 3.959E+02
38.000 3.875E+02
39.000 3.795E+02
40.000 3.719E+02
41.000 3.646E+02
42.000 3.577E+02
43.000 3.510E+02
44.000 3.446E+02
45.000 3.385E+02
46.000 3.326E+02
47.000 3.270E+02
48.000 3.215E+02
49.000 3.163E+02
50.000 3.113E+02
51.000 3.064E+02
52.000 3.017E+02
53.000 2.972E+02
54.000 2.929E+02
55.000 2.887E+02
56.000 2.846E+02
57.000 2.807E+02
58.000 2.768E+02
59.000 2.732E+02
60.000 2.696E+02
61.000 2.661E+02
62.000 2.627E+02
63.000 2.595E+02
64.000 2.563E+02
65.000 2.532E+02
66.000 2.502E+02
67.000 2.473E+02
68.000 2.445E+02
69.000 2.418E+02
70.000 2.391E+02
71.000 2.365E+02
72.000 2.339E+02
73.000 2.315E+02
74.000 2.290E+02
75.000 2.267E+02
76.000 2.244E+02
77.000 2.222E+02
78.000 2.200E+02
79.000 2.178E+02
80.000 2.157E+02
81.000 2.137E+02
82.000 2.117E+02
83.000 2.098E+02
84.000 2.079E+02
85.000 2.060E+02
86.000 2.042E+02
87.000 2.024E+02
88.000 2.007E+02
89.000 1.990E+02
90.000 1.973E+02
91.000 1.957E+02
92.000 1.941E+02
93.000 1.925E+02
94.000 1.910E+02
95.000 1.895E+02
96.000 1.880E+02
97.000 1.865E+02
98.000 1.851E+02
99.000 1.837E+02
100.000 1.824E+02
101.000 1.810E+02
102.000 1.797E+02
103.000 1.784E+02
104.000 1.771E+02
105.000 1.759E+02
106.000 1.747E+02
107.000 1.735E+02
108.000 1.723E+02
109.000 1.711E+02
110.000 1.700E+02
111.000 1.689E+02
112.000 1.678E+02
113.000 1.667E+02
114.000 1.656E+02
115.000 1.646E+02
116.000 1.635E+02
117.000 1.625E+02
118.000 1.615E+02
119.000 1.605E+02
120.000 1.596E+02
121.000 1.586E+02
122.000 1.577E+02
123.000 1.568E+02
124.000 1.559E+02
125.000 1.550E+02
126.000 1.541E+02
127.000 1.532E+02
128.000 1.524E+02
129.000 1.515E+02
130.000 1.507E+02
131.000 1.499E+02
132.000 1.491E+02
133.000 1.483E+02
134.000 1.475E+02
135.000 1.467E+02
136.000 1.459E+02
137.000 1.452E+02
138.000 1.444E+02
139.000 1.437E+02
140.000 1.430E+02
141.000 1.423E+02
142.000 1.416E+02
143.000 1.409E+02
144.000 1.402E+02
145.000 1.395E+02
146.000 1.389E+02
147.000 1.382E+02
148.000 1.376E+02
149.000 1.369E+02
150.000 1.363E+02
151.000 1.357E+02
152.000 1.351E+02
153.000 1.344E+02
154.000 1.338E+02
155.000 1.332E+02
156.000 1.327E+02
157.000 1.321E+02
158.000 1.315E+02
159.000 1.309E+02
160.000 1.304E+02
161.000 1.298E+02
162.000 1.293E+02
163.000 1.288E+02
164.000 1.282E+02
165.000 1.277E+02
166.000 1.272E+02
167.000 1.267E+02
168.000 1.262E+02
169.000 1.257E+02
170.000 1.252E+02
171.000 1.247E+02
172.000 1.242E+02
173.000 1.237E+02
174.000 1.232E+02
175.000 1.228E+02
176.000 1.223E+02
177.000 1.218E+02
178.000 1.214E+02
179.000 1.209E+02
180.000 1.205E+02
181.000 1.200E+02
182.000 1.196E+02
183.000 1.192E+02
184.000 1.188E+02
185.000 1.183E+02
186.000 1.179E+02
187.000 1.175E+02
188.000 1.171E+02
189.000 1.167E+02
190.000 1.163E+02
191.000 1.159E+02
192.000 1.155E+02
193.000 1.151E+02
194.000 1.147E+02
195.000 1.143E+02
196.000 1.140E+02
197.000 1.136E+02
198.000 1.132E+02
199.000 1.129E+02
200.000 1.125E+02
201.000 1.121E+02
202.000 1.118E+02
203.000 1.114E+02
204.000 1.111E+02
205.000 1.107E+02
206.000 1.104E+02
207.000 1.100E+02
208.000 1.097E+02
209.000 1.094E+02
210.000 1.090E+02
211.000 1.087E+02
212.000 1.084E+02
213.000 1.081E+02
214.000 1.078E+02
215.000 1.074E+02
216.000 1.071E+02
217.000 1.068E+02
218.000 1.065E+02
219.000 1.062E+02
220.000 1.059E+02
221.000 1.056E+02
222.000 1.053E+02
223.000 1.050E+02
224.000 1.047E+02
225.000 1.044E+02
226.000 1.042E+02
227.000 1.039E+02
228.000 1.036E+02
229.000 1.033E+02
230.000 1.030E+02
231.000 1.028E+02
232.000 1.025E+02
233.000 1.022E+02
234.000 1.020E+02
235.000 1.017E+02
236.000 1.014E+02
237.000 1.012E+02
238.000 1.009E+02
239.000 1.007E+02
240.000 1.004E+02
241.000 1.001E+02
242.000 9.990E+01
243.000 9.965E+01
244.000 9.941E+01
245.000 9.916E+01
246.000 9.892E+01
247.000 9.868E+01
248.000 9.844E+01
249.000 9.821E+01
250.000 9.797E+01
251.000 9.774E+01
252.000 9.751E+01
253.000 9.728E+01
254.000 9.705E+01
255.000 9.682E+01
256.000 9.660E+01
257.000 9.638E+01
258.000 9.616E+01
259.000 9.594E+01
260.000 9.572E+01
261.000 9.550E+01
262.000 9.529E+01
263.000 9.508E+01
264.000 9.487E+01
265.000 9.466E+01
266.000 9.445E+01
267.000 9.424E+01
268.000 9.404E+01
269.000 9.383E+01
270.000 9.363E+01
271.000 9.343E+01
272.000 9.323E+01
273.000 9.304E+01
274.000 9.284E+01
275.000 9.264E+01
276.000 9.245E+01
277.000 9.226E+01
278.000 9.207E+01
279.000 9.188E+01
280.000 9.169E+01
281.000 9.151E+01
282.000 9.132E+01
283.000 9.114E+01
284.000 9.096E+01
285.000 9.078E+01
286.000 9.060E+01
287.000 9.042E+01
288.000 9.024E+01
289.000 9.007E+01
290.000 8.989E+01
291.000 8.972E+01
292.000 8.955E+01
293.000 8.938E+01
294.000 8.921E+01
295.000 8.904E+01
296.000 8.887E+01
297.000 8.870E+01
298.000 8.854E+01
299.000 8.837E+01
300.000 8.821E+01
301.000 8.805E+01
302.000 8.789E+01
303.000 8.773E+01
304.000 8.757E+01
305.000 8.741E+01
306.000 8.726E+01
307.000 8.710E+01
308.000 8.695E+01
309.000 8.679E+01
310.000 8.664E+01
311.000 8.649E+01
312.000 8.634E+01
313.000 8.619E+01
314.000 8.604E+01
315.000 8.589E+01
316.000 8.574E+01
317.000 8.560E+01
318.000 8.545E+01
319.000 8.531E+01
320.000 8.517E+01
321.000 8.502E+01
322.000 8.488E+01
323.000 8.474E+01
324.000 8.460E+01
325.000 8.446E+01
326.000 8.432E+01
327.000 8.419E+01
328.000 8.405E+01
329.000 8.391E+01
330.000 8.378E+01
331.000 8.364E+01
332.000 8.351E+01
333.000 8.338E+01
334.000 8.325E+01
335.000 8.311E+01
336.000 8.298E+01
337.000 8.286E+01
338.000 8.273E+01
339.000 8.260E+01
340.000 8.247E+01
341.000 8.235E+01
342.000 8.222E+01
343.000 8.209E+01
344.000 8.197E+01
345.000 8.185E+01
346.000 8.172E+01
347.000 8.160E+01
348.000 8.148E+01
349.000 8.136E+01
350.000 8.124E+01
351.000 8.112E+01
352.000 8.100E+01
353.000 8.089E+01
354.000 8.077E+01
355.000 8.065E+01
356.000 8.054E+01
357.000 8.042E+01
358.000 8.031E+01
359.000 8.019E+01
360.000 8.008E+01
361.000 7.997E+01
362.000 7.986E+01
363.000 7.975E+01
364.000 7.963E+01
365.000 7.952E+01
366.000 7.942E+01
367.000 7.931E+01
368.000 7.920E+01
369.000 7.909E+01
370.000 7.898E+01
371.000 7.888E+01
372.000 7.877E+01
373.000 7.867E+01
374.000 7.856E+01
375.000 7.846E+01
376.000 7.835E+01
377.000 7.825E+01
378.000 7.815E+01
379.000 7.805E+01
380.000 7.795E+01
381.000 7.785E+01
382.000 7.775E+01
383.000 7.765E+01
384.000 7.755E+01
385.000 7.745E+01
386.000 7.735E+01
387.000 7.725E+01
388.000 7.715E+01
389.000 7.706E+01
390.000 7.696E+01
391.000 7.687E+01
392.000 7.677E+01
393.000 7.668E+01
394.000 7.658E+01
395.000 7.649E+01
396.000 7.640E+01
397.000 7.630E+01
398.000 7.621E+01
399.000 7.612E+01
400.000 7.603E+01
401.000 7.594E+01
402.000 7.585E+01
403.000 7.576E+01
404.000 7.567E+01
405.000 7.558E+01
406.000 7.549E+01
407.000 7.540E+01
408.000 7.532E+01
409.000 7.523E+01
410.000 7.514E+01
411.000 7.506E+01
412.000 7.497E+01
413.000 7.489E+01
414.000 7.480E+01
415.000 7.472E+01
416.000 7.463E+01
417.000 7.455E+01
418.000 7.447E+01
419.000 7.438E+01
420.000 7.430E+01
421.000 7.422E+01
422.000 7.414E+01
423.000 7.406E+01
424.000 7.398E+01
425.000 7.390E+01
426.000 7.382E+01
427.000 7.374E+01
428.000 7.366E+01
429.000 7.358E+01
430.000 7.350E+01
431.000 7.342E+01
432.000 7.334E+01
433.000 7.327E+01
434.000 7.319E+01
435.000 7.311E+01
436.000 7.304E+01
437.000 7.296E+01
438.000 7.289E+01
439.000 7.281E+01
440.000 7.274E+01
441.000 7.266E+01
442.000 7.259E+01
443.000 7.251E+01
444.000 7.244E+01
445.000 7.237E+01
446.000 7.230E+01
447.000 7.222E+01
448.000 7.215E+01
449.000 7.208E+01
450.000 7.201E+01
451.000 7.194E+01
452.000 7.187E+01
453.000 7.180E+01
454.000 7.173E+01
455.000 7.166E+01
456.000 7.159E+01
457.000 7.152E+01
458.000 7.145E+01
459.000 7.138E+01
460.000 7.131E+01
461.000 7.124E+01
462.000 7.118E+01
463.000 7.111E+01
464.000 7.104E+01
465.000 7.098E+01
466.000 7.091E+01
467.000 7.084E+01
468.000 7.078E+01
469.000 7.071E+01
470.000 7.065E+01
471.000 7.058E+01
472.000 7.052E+01
473.000 7.045E+01
474.000 7.039E+01
475.000 7.033E+01
476.000 7.026E+01
477.000 7.020E+01
478.000 7.014E+01
479.000 7.007E+01
480.000 7.001E+01
481.000 6.995E+01
482.000 6.989E+01
483.000 6.983E+01
484.000 6.977E+01
485.000 6.971E+01
486.000 6.964E+01
487.000 6.958E+01
488.000 6.952E+01
489.000 6.946E+01
490.000 6.940E+01
491.000 6.935E+01
492.000 6.929E+01
493.000 6.923E+01
494.000 6.917E+01
495.000 6.911E+01
496.000 6.905E+01
497.000 6.900E+01
498.000 6.894E+01
499.000 6.888E+01
500.000 6.882E+01
501.000 6.877E+01
502.000 6.871E+01
503.000 6.865E+01
504.000 6.860E+01
505.000 6.854E+01
506.000 6.849E+01
507.000 6.843E+01
508.000 6.837E+01
509.000 6.832E+01
510.000 6.827E+01
511.000 6.821E+01
512.000 6.816E+01
513.000 6.810E+01
514.000 6.805E+01
515.000 6.799E+01
516.000 6.794E+01
517.000 6.789E+01
518.000 6.784E+01
519.000 6.778E+01
520.000 6.773E+01
521.000 6.768E+01
522.000 6.763E+01
523.000 6.757E+01
524.000 6.752E+01
525.000 6.747E+01
526.000 6.742E+01
527.000 6.737E+01
528.000 6.732E+01
529.000 6.727E+01
530.000 6.722E+01
531.000 6.717E+01
532.000 6.712E+01
533.000 6.707E+01
534.000 6.702E+01
535.000 6.697E+01
536.000 6.692E+01
537.000 6.687E+01
538.000 6.682E+01
539.000 6.677E+01
540.000 6.672E+01
541.000 6.668E+01
542.000 6.663E+01
543.000 6.658E+01
544.000 6.653E+01
545.000 6.648E+01
546.000 6.644E+01
547.000 6.639E+01
548.000 6.634E+01
549.000 6.630E+01
550.000 6.625E+01
551.000 6.620E+01
552.000 6.616E+01
553.000 6.611E+01
554.000 6.607E+01
555.000 6.602E+01
556.000 6.598E+01
557.000 6.593E+01
558.000 6.589E+01
559.000 6.584E+01
560.000 6.580E+01
561.000 6.575E+01
562.000 6.571E+01
563.000 6.566E+01
564.000 6.562E+01
565.000 6.557E+01
566.000 6.553E+01
567.000 6.549E+01
568.000 6.544E+01
569.000 6.540E+01
570.000 6.536E+01
571.000 6.532E+01
572.000 6.527E+01
573.000 6.523E+01
574.000 6.519E+01
575.000 6.515E+01
576.000 6.510E+01
577.000 6.506E+01
578.000 6.502E+01
579.000 6.498E+01
580.000 6.494E+01
581.000 6.490E+01
582.000 6.485E+01
583.000 6.481E+01
584.000 6.477E+01
585.000 6.473E+01
586.000 6.469E+01
587.000 6.465E+01
588.000 6.461E+01
589.000 6.457E+01
590.000 6.453E+01
591.000 6.449E+01
592.000 6.445E+01
593.000 6.441E+01
594.000 6.437E+01
595.000 6.433E+01
596.000 6.430E+01
597.000 6.426E+01
598.000 6.422E+01
599.000 6.418E+01
600.000 6.414E+01
601.000 6.410E+01
602.000 6.407E+01
603.000 6.403E+01
604.000 6.399E+01
605.000 6.395E+01
606.000 6.391E+01
607.000 6.388E+01
608.000 6.384E+01
609.000 6.380E+01
610.000 6.377E+01
611.000 6.373E+01
612.000 6.369E+01
613.000 6.365E+01
614.000 6.362E+01
615.000 6.358E+01
616.000 6.355E+01
617.000 6.351E+01
618.000 6.347E+01
619.000 6.344E+01
620.000 6.340E+01
621.000 6.337E+01
622.000 6.333E+01
623.000 6.330E+01
624.000 6.326E+01
625.000 6.323E+01
626.000 6.319E+01
627.000 6.316E+01
628.000 6.312E+01
629.000 6.309E+01
630.000 6.305E+01
631.000 6.302E+01
632.000 6.298E+01
633.000 6.295E+01
634.000 6.292E+01
635.000 6.288E+01
636.000 6.285E+01
637.000 6.281E+01
638.000 6.278E+01
639.000 6.275E+01
640.000 6.271E+01
641.000 6.268E+01
642.000 6.265E+01
643.000 6.261E+01
644.000 6.258E+01
645.000 6.255E+01
646.000 6.252E+01
647.000 6.248E+01
648.000 6.245E+01
649.000 6.242E+01
650.000 6.239E+01
651.000 6.235E+01
652.000 6.232E+01
653.000 6.229E+01
654.000 6.226E+01
655.000 6.223E+01
656.000 6.220E+01
657.000 6.216E+01
658.000 6.213E+01
659.000 6.210E+01
660.000 6.207E+01
661.000 6.204E+01
662.000 6.201E+01
663.000 6.198E+01
664.000 6.195E+01
665.000 6.192E+01
666.000 6.189E+01
667.000 6.186E+01
668.000 6.183E+01
669.000 6.180E+01
670.000 6.177E+01
671.000 6.174E+01
672.000 6.171E+01
673.000 6.168E+01
674.000 6.165E+01
675.000 6.162E+01
676.000 6.159E+01
677.000 6.156E+01
678.000 6.153E+01
679.000 6.150E+01
680.000 6.147E+01
681.000 6.144E+01
682.000 6.141E+01
683.000 6.139E+01
684.000 6.136E+01
685.000 6.133E+01
686.000 6.130E+01
687.000 6.127E+01
688.000 6.124E+01
689.000 6.121E+01
690.000 6.119E+01
691.000 6.116E+01
692.000 6.113E+01
693.000 6.110E+01
694.000 6.108E+01
695.000 6.105E+01
696.000 6.102E+01
697.000 6.099E+01
698.000 6.097E+01
699.000 6.094E+01
700.000 6.091E+01
701.000 6.088E+01
702.000 6.086E+01
703.000 6.083E+01
704.000 6.080E+01
705.000 6.078E+01
706.000 6.075E+01
707.000 6.072E+01
708.000 6.070E+01
709.000 6.067E+01
710.000 6.064E+01
711.000 6.062E+01
712.000 6.059E+01
713.000 6.057E+01
714.000 6.054E+01
715.000 6.052E+01
716.000 6.049E+01
717.000 6.046E+01
718.000 6.044E+01
719.000 6.041E+01
720.000 6.039E+01
721.000 6.036E+01
722.000 6.034E+01
723.000 6.031E+01
724.000 6.029E+01
725.000 6.026E+01
726.000 6.024E+01
727.000 6.021E+01
728.000 6.019E+01
729.000 6.016E+01
730.000 6.014E+01
731.000 6.011E+01
732.000 6.009E+01
733.000 6.006E+01
734.000 6.004E+01
735.000 6.002E+01
736.000 5.999E+01
737.000 5.997E+01
738.000 5.994E+01
739.000 5.992E+01
740.000 5.990E+01
741.000 5.987E+01
742.000 5.985E+01
743.000 5.982E+01
744.000 5.980E+01
745.000 5.978E+01
746.000 5.975E+01
747.000 5.973E+01
748.000 5.971E+01
749.000 5.968E+01
750.000 5.966E+01
751.000 5.964E+01
752.000 5.962E+01
753.000 5.959E+01
754.000 5.957E+01
755.000 5.955E+01
756.000 5.952E+01
757.000 5.950E+01
758.000 5.948E+01
759.000 5.946E+01
760.000 5.943E+01
761.000 5.941E+01
762.000 5.939E+01
763.000 5.937E+01
764.000 5.934E+01
765.000 5.932E+01
766.000 5.930E+01
767.000 5.928E+01
768.000 5.926E+01
769.000 5.923E+01
770.000 5.921E+01
771.000 5.919E+01
772.000 5.917E+01
773.000 5.915E+01
774.000 5.913E+01
775.000 5.911E+01
776.000 5.908E+01
777.000 5.906E+01
778.000 5.904E+01
779.000 5.902E+01
780.000 5.900E+01
781.000 5.898E+01
782.000 5.896E+01
783.000 5.894E+01
784.000 5.892E+01
785.000 5.889E+01
786.000 5.887E+01
787.000 5.885E+01
788.000 5.883E+01
789.000 5.881E+01
790.000 5.879E+01
791.000 5.877E+01
792.000 5.875E+01
793.000 5.873E+01
794.000 5.871E+01
795.000 5.869E+01
796.000 5.867E+01
797.000 5.865E+01
798.000 5.863E+01
799.000 5.861E+01
800.000 5.859E+01
801.000 5.857E+01
802.000 5.855E+01
803.000 5.853E+01
804.000 5.851E+01
805.000 5.849E+01
806.000 5.847E+01
807.000 5.845E+01
808.000 5.843E+01
809.000 5.841E+01
810.000 5.839E+01
811.000 5.838E+01
812.000 5.836E+01
813.000 5.834E+01
814.000 5.832E+01
815.000 5.830E+01
816.000 5.828E+01
817.000 5.826E+01
818.000 5.824E+01
819.000 5.822E+01
820.000 5.821E+01
821.000 5.819E+01
822.000 5.817E+01
823.000 5.815E+01
824.000 5.813E+01
825.000 5.811E+01
826.000 5.809E+01
827.000 5.808E+01
828.000 5.806E+01
829.000 5.804E+01
830.000 5.802E+01
831.000 5.800E+01
832.000 5.799E+01
833.000 5.797E+01
834.000 5.795E+01
835.000 5.793E+01
836.000 5.791E+01
837.000 5.790E+01
838.000 5.788E+01
839.000 5.786E+01
840.000 5.784E+01
841.000 5.783E+01
842.000 5.781E+01
843.000 5.779E+01
844.000 5.777E+01
845.000 5.776E+01
846.000 5.774E+01
847.000 5.772E+01
848.000 5.771E+01
849.000 5.769E+01
850.000 5.767E+01
851.000 5.765E+01
852.000 5.764E+01
853.000 5.762E+01
854.000 5.760E+01
855.000 5.759E+01
856.000 5.757E+01
857.000 5.755E+01
858.000 5.754E+01
859.000 5.752E+01
860.000 5.750E+01
861.000 5.749E+01
862.000 5.747E+01
863.000 5.746E+01
864.000 5.744E+01
865.000 5.742E+01
866.000 5.741E+01
867.000 5.739E+01
868.000 5.737E+01
869.000 5.736E+01
870.000 5.734E+01
871.000 5.733E+01
872.000 5.731E+01
873.000 5.730E+01
874.000 5.728E+01
875.000 5.726E+01
876.000 5.725E+01
877.000 5.723E+01
878.000 5.722E+01
879.000 5.720E+01
880.000 5.719E+01
881.000 5.717E+01
882.000 5.716E+01
883.000 5.714E+01
884.000 5.712E+01
885.000 5.711E+01
886.000 5.709E+01
887.000 5.708E+01
888.000 5.706E+01
889.000 5.705E+01
890.000 5.703E+01
891.000 5.702E+01
892.000 5.700E+01
893.000 5.699E+01
894.000 5.697E+01
895.000 5.696E+01
896.000 5.694E+01
897.000 5.693E+01
898.000 5.692E+01
899.000 5.690E+01
900.000 5.689E+01
901.000 5.687E+01
902.000 5.686E+01
903.000 5.684E+01
904.000 5.683E+01
905.000 5.681E+01
906.000 5.680E+01
907.000 5.679E+01
908.000 5.677E+01
909.000 5.676E+01
910.000 5.674E+01
911.000 5.673E+01
912.000 5.671E+01
913.000 5.670E+01
914.000 5.669E+01
915.000 5.667E+01
916.000 5.666E+01
917.000 5.664E+01
918.000 5.663E+01
919.000 5.662E+01
920.000 5.660E+01
921.000 5.659E+01
922.000 5.657E+01
923.000 5.656E+01
924.000 5.655E+01
925.000 5.653E+01
926.000 5.652E+01
927.000 5.651E+01
928.000 5.649E+01
929.000 5.648E+01
930.000 5.646E+01
931.000 5.645E+01
932.000 5.644E+01
933.000 5.642E+01
934.000 5.641E+01
935.000 5.640E+01
936.000 5.638E+01
937.000 5.637E+01
938.000 5.636E+01
939.000 5.634E+01
940.000 5.633E+01
941.000 5.632E+01
942.000 5.630E+01
943.000 5.629E+01
944.000 5.628E+01
945.000 5.626E+01
946.000 5.625E+01
947.000 5.624E+01
948.000 5.622E+01
949.000 5.621E+01
950.000 5.620E+01
951.000 5.619E+01
952.000 5.617E+01
953.000 5.616E+01
954.000 5.615E+01
955.000 5.613E+01
956.000 5.612E+01
957.000 5.611E+01
958.000 5.609E+01
959.000 5.608E+01
960.000 5.607E+01
961.000 5.606E+01
962.000 5.604E+01
963.000 5.603E+01
964.000 5.602E+01
965.000 5.600E+01
966.000 5.599E+01
967.000 5.598E+01
968.000 5.597E+01
969.000 5.595E+01
970.000 5.594E+01
971.000 5.593E+01
972.000 5.591E+01
973.000 5.590E+01
974.000 5.589E+01
975.000 5.588E+01
976.000 5.586E+01
977.000 5.585E+01
978.000 5.584E+01
979.000 5.583E+01
980.000 5.581E+01
981.000 5.580E+01
982.000 5.579E+01
983.000 5.577E+01
984.000 5.576E+01
985.000 5.575E+01
986.000 5.574E+01
987.000 5.572E+01
988.000 5.571E+01
989.000 5.570E+01
990.000 5.569E+01
991.000 5.567E+01
992.000 5.566E+01
993.000 5.565E+01
994.000 5.564E+01
995.000 5.562E+01
996.000 5.561E+01
997.000 5.560E+01
998.000 5.558E+01
999.000 5.557E+01
