0.010 1.134E+03
0.020 1.678E+03
0.030 2.115E+03
0.040 2.488E+03
0.050 2.816E+03
0.060 3.108E+03
0.070 3.371E+03
0.080 3.609E+03
0.090 3.822E+03
0.100 4.015E+03
0.110 4.188E+03
0.120 4.342E+03
0.130 4.480E+03
0.140 4.602E+03
0.150 4.710E+03
0.160 4.804E+03
0.170 4.886E+03
0.180 4.957E+03
0.190 5.018E+03
0.200 5.070E+03
0.210 5.113E+03
0.220 5.149E+03
0.230 5.177E+03
0.240 5.199E+03
0.250 5.216E+03
0.260 5.226E+03
0.270 5.230E+03
0.280 5.229E+03
0.290 5.223E+03
0.300 5.213E+03
0.310 5.200E+03
0.320 5.184E+03
0.330 5.167E+03
0.340 5.147E+03
0.350 5.126E+03
0.360 5.104E+03
0.370 5.080E+03
0.380 5.056E+03
0.390 5.030E+03
0.400 5.004E+03
0.410 4.978E+03
0.420 4.951E+03
0.430 4.923E+03
0.440 4.895E+03
0.450 4.867E+03
0.460 4.839E+03
0.470 4.811E+03
0.480 4.782E+03
0.490 4.754E+03
0.500 4.726E+03
0.510 4.697E+03
0.520 4.669E+03
0.530 4.641E+03
0.540 4.613E+03
0.550 4.585E+03
0.560 4.558E+03
0.570 4.531E+03
0.580 4.504E+03
0.590 4.477E+03
0.600 4.451E+03
0.610 4.426E+03
0.620 4.400E+03
0.630 4.375E+03
0.640 4.350E+03
0.650 4.326E+03
0.660 4.301E+03
0.670 4.277E+03
0.680 4.254E+03
0.690 4.230E+03
0.700 4.207E+03
0.710 4.184E+03
0.720 4.161E+03
0.730 4.139E+03
0.740 4.117E+03
0.750 4.095E+03
0.760 4.073E+03
0.770 4.051E+03
0.780 4.030E+03
0.790 4.009E+03
0.800 3.988E+03
0.810 3.968E+03
0.820 3.948E+03
0.830 3.927E+03
0.840 3.908E+03
0.850 3.888E+03
0.860 3.868E+03
0.870 3.849E+03
0.880 3.830E+03
0.890 3.811E+03
0.900 3.792E+03
0.910 3.774E+03
0.920 3.756E+03
0.930 3.737E+03
0.940 3.719E+03
0.950 3.702E+03
0.960 3.684E+03
0.970 3.666E+03
0.980 3.649E+03
0.990 3.632E+03
1.000 3.615E+03
1.100 3.453E+03
1.200 3.304E+03
1.300 3.168E+03
1.400 3.042E+03
1.500 2.926E+03
1.600 2.817E+03
1.700 2.716E+03
1.800 2.622E+03
1.900 2.534E+03
2.000 2.452E+03
2.100 2.376E+03
2.200 2.303E+03
2.300 2.236E+03
2.400 2.172E+03
2.500 2.112E+03
2.600 2.055E+03
2.700 2.001E+03
2.800 1.950E+03
2.900 1.902E+03
3.000 1.856E+03
3.100 1.812E+03
3.200 1.771E+03
3.300 1.731E+03
3.400 1.693E+03
3.500 1.657E+03
3.600 1.623E+03
3.700 1.590E+03
3.800 1.558E+03
3.900 1.528E+03
4.000 1.499E+03
4.100 1.471E+03
4.200 1.444E+03
4.300 1.419E+03
4.400 1.394E+03
4.500 1.370E+03
4.600 1.347E+03
4.700 1.325E+03
4.800 1.304E+03
4.900 1.283E+03
5.000 1.263E+03
5.100 1.244E+03
5.200 1.225E+03
5.300 1.207E+03
5.400 1.190E+03
5.500 1.173E+03
5.600 1.157E+03
5.700 1.141E+03
5.800 1.125E+03
5.900 1.110E+03
6.000 1.096E+03
6.100 1.082E+03
6.200 1.068E+03
6.300 1.055E+03
6.400 1.042E+03
6.500 1.029E+03
6.600 1.017E+03
6.700 1.005E+03
6.800 9.929E+02
6.900 9.815E+02
7.000 9.704E+02
7.100 9.595E+02
7.200 9.489E+02
7.300 9.386E+02
7.400 9.285E+02
7.500 9.187E+02
7.600 9.090E+02
7.700 8.996E+02
7.800 8.905E+02
7.900 8.815E+02
8.000 8.727E+02
8.100 8.641E+02
8.200 8.557E+02
8.300 8.475E+02
8.400 8.394E+02
8.500 8.315E+02
8.600 8.238E+02
8.700 8.162E+02
8.800 8.088E+02
8.900 8.015E+02
9.000 7.944E+02
9.100 7.874E+02
9.200 7.806E+02
9.300 7.738E+02
9.400 7.672E+02
9.500 7.607E+02
9.600 7.544E+02
9.700 7.481E+02
9.800 7.420E+02
9.900 7.360E+02
10.000 7.301E+02
11.000 6.763E+02
12.000 6.305E+02
13.000 5.910E+02
14.000 5.566E+02
15.000 5.264E+02
16.000 4.996E+02
17.000 4.757E+02
18.000 4.541E+02
19.000 4.346E+02
20.000 4.169E+02
21.000 4.007E+02
22.000 3.859E+02
23.000 3.722E+02
24.000 3.596E+02
25.000 3.479E+02
26.000 3.370E+02
27.000 3.268E+02
28.000 3.173E+02
29.000 3.084E+02
30.000 3.001E+02
31.000 2.923E+02
32.000 2.849E+02
33.000 2.779E+02
34.000 2.713E+02
35.000 2.650E+02
36.000 2.591E+02
37.000 2.534E+02
38.000 2.480E+02
39.000 2.429E+02
40.000 2.380E+02
41.000 2.334E+02
42.000 2.289E+02
43.000 2.246E+02
44.000 2.205E+02
45.000 2.166E+02
46.000 2.129E+02
47.000 2.092E+02
48.000 2.058E+02
49.000 2.024E+02
50.000 1.992E+02
51.000 1.961E+02
52.000 1.931E+02
53.000 1.902E+02
54.000 1.874E+02
55.000 1.847E+02
56.000 1.821E+02
57.000 1.796E+02
58.000 1.772E+02
59.000 1.748E+02
60.000 1.725E+02
61.000 1.703E+02
62.000 1.682E+02
63.000 1.661E+02
64.000 1.640E+02
65.000 1.621E+02
66.000 1.602E+02
67.000 1.583E+02
68.000 1.565E+02
69.000 1.547E+02
70.000 1.530E+02
71.000 1.513E+02
72.000 1.497E+02
73.000 1.481E+02
74.000 1.466E+02
75.000 1.451E+02
76.000 1.436E+02
77.000 1.422E+02
78.000 1.408E+02
79.000 1.394E+02
80.000 1.381E+02
81.000 1.368E+02
82.000 1.355E+02
83.000 1.343E+02
84.000 1.330E+02
85.000 1.319E+02
86.000 1.307E+02
87.000 1.296E+02
88.000 1.284E+02
89.000 1.274E+02
90.000 1.263E+02
91.000 1.252E+02
92.000 1.242E+02
93.000 1.232E+02
94.000 1.222E+02
95.000 1.213E+02
96.000 1.203E+02
97.000 1.194E+02
98.000 1.185E+02
99.000 1.176E+02
100.000 1.167E+02
101.000 1.159E+02
102.000 1.150E+02
103.000 1.142E+02
104.000 1.134E+02
105.000 1.126E+02
106.000 1.118E+02
107.000 1.110E+02
108.000 1.103E+02
109.000 1.095E+02
110.000 1.088E+02
111.000 1.081E+02
112.000 1.074E+02
113.000 1.067E+02
114.000 1.060E+02
115.000 1.053E+02
116.000 1.047E+02
117.000 1.040E+02
118.000 1.034E+02
119.000 1.027E+02
120.000 1.021E+02
121.000 1.015E+02
122.000 1.009E+02
123.000 1.003E+02
124.000 9.974E+01
125.000 9.917E+01
126.000 9.861E+01
127.000 9.805E+01
128.000 9.750E+01
129.000 9.696E+01
130.000 9.643E+01
131.000 9.591E+01
132.000 9.539E+01
133.000 9.488E+01
134.000 9.438E+01
135.000 9.389E+01
136.000 9.340E+01
137.000 9.292E+01
138.000 9.245E+01
139.000 9.198E+01
140.000 9.152E+01
141.000 9.106E+01
142.000 9.061E+01
143.000 9.017E+01
144.000 8.973E+01
145.000 8.930E+01
146.000 8.888E+01
147.000 8.845E+01
148.000 8.804E+01
149.000 8.763E+01
150.000 8.723E+01
151.000 8.683E+01
152.000 8.643E+01
153.000 8.604E+01
154.000 8.566E+01
155.000 8.528E+01
156.000 8.490E+01
157.000 8.453E+01
158.000 8.417E+01
159.000 8.381E+01
160.000 8.345E+01
161.000 8.310E+01
162.000 8.275E+01
163.000 8.240E+01
164.000 8.206E+01
165.000 8.173E+01
166.000 8.139E+01
167.000 8.106E+01
168.000 8.074E+01
169.000 8.042E+01
170.000 8.010E+01
171.000 7.979E+01
172.000 7.948E+01
173.000 7.917E+01
174.000 7.886E+01
175.000 7.856E+01
176.000 7.827E+01
177.000 7.797E+01
178.000 7.768E+01
179.000 7.739E+01
180.000 7.711E+01
181.000 7.683E+01
182.000 7.655E+01
183.000 7.627E+01
184.000 7.600E+01
185.000 7.573E+01
186.000 7.546E+01
187.000 7.520E+01
188.000 7.494E+01
189.000 7.468E+01
190.000 7.442E+01
191.000 7.417E+01
192.000 7.392E+01
193.000 7.367E+01
194.000 7.342E+01
195.000 7.318E+01
196.000 7.294E+01
197.000 7.270E+01
198.000 7.246E+01
199.000 7.223E+01
200.000 7.199E+01
201.000 7.176E+01
202.000 7.154E+01
203.000 7.131E+01
204.000 7.109E+01
205.000 7.087E+01
206.000 7.065E+01
207.000 7.043E+01
208.000 7.022E+01
209.000 7.000E+01
210.000 6.979E+01
211.000 6.958E+01
212.000 6.937E+01
213.000 6.917E+01
214.000 6.897E+01
215.000 6.876E+01
216.000 6.856E+01
217.000 6.837E+01
218.000 6.817E+01
219.000 6.798E+01
220.000 6.778E+01
221.000 6.759E+01
222.000 6.740E+01
223.000 6.721E+01
224.000 6.703E+01
225.000 6.684E+01
226.000 6.666E+01
227.000 6.648E+01
228.000 6.630E+01
229.000 6.612E+01
230.000 6.594E+01
231.000 6.577E+01
232.000 6.560E+01
233.000 6.542E+01
234.000 6.525E+01
235.000 6.508E+01
236.000 6.492E+01
237.000 6.475E+01
238.000 6.458E+01
239.000 6.442E+01
240.000 6.426E+01
241.000 6.410E+01
242.000 6.394E+01
243.000 6.378E+01
244.000 6.362E+01
245.000 6.346E+01
246.000 6.331E+01
247.000 6.316E+01
248.000 6.300E+01
249.000 6.285E+01
250.000 6.270E+01
251.000 6.255E+01
252.000 6.240E+01
253.000 6.226E+01
254.000 6.211E+01
255.000 6.197E+01
256.000 6.182E+01
257.000 6.168E+01
258.000 6.154E+01
259.000 6.140E+01
260.000 6.126E+01
261.000 6.112E+01
262.000 6.099E+01
263.000 6.085E+01
264.000 6.071E+01
265.000 6.058E+01
266.000 6.045E+01
267.000 6.031E+01
268.000 6.018E+01
269.000 6.005E+01
270.000 5.992E+01
271.000 5.980E+01
272.000 5.967E+01
273.000 5.954E+01
274.000 5.942E+01
275.000 5.929E+01
276.000 5.917E+01
277.000 5.905E+01
278.000 5.892E+01
279.000 5.880E+01
280.000 5.868E+01
281.000 5.856E+01
282.000 5.845E+01
283.000 5.833E+01
284.000 5.821E+01
285.000 5.810E+01
286.000 5.798E+01
287.000 5.787E+01
288.000 5.775E+01
289.000 5.764E+01
290.000 5.753E+01
291.000 5.742E+01
292.000 5.731E+01
293.000 5.720E+01
294.000 5.709E+01
295.000 5.698E+01
296.000 5.688E+01
297.000 5.677E+01
298.000 5.666E+01
299.000 5.656E+01
300.000 5.646E+01
301.000 5.635E+01
302.000 5.625E+01
303.000 5.615E+01
304.000 5.605E+01
305.000 5.594E+01
306.000 5.584E+01
307.000 5.574E+01
308.000 5.565E+01
309.000 5.555E+01
310.000 5.545E+01
311.000 5.535E+01
312.000 5.526E+01
313.000 5.516E+01
314.000 5.507E+01
315.000 5.497E+01
316.000 5.488E+01
317.000 5.478E+01
318.000 5.469E+01
319.000 5.460E+01
320.000 5.451E+01
321.000 5.441E+01
322.000 5.432E+01
323.000 5.423E+01
324.000 5.414E+01
325.000 5.406E+01
326.000 5.397E+01
327.000 5.388E+01
328.000 5.379E+01
329.000 5.370E+01
330.000 5.362E+01
331.000 5.353E+01
332.000 5.345E+01
333.000 5.336E+01
334.000 5.328E+01
335.000 5.319E+01
336.000 5.311E+01
337.000 5.303E+01
338.000 5.294E+01
339.000 5.286E+01
340.000 5.278E+01
341.000 5.270E+01
342.000 5.262E+01
343.000 5.254E+01
344.000 5.246E+01
345.000 5.238E+01
346.000 5.230E+01
347.000 5.223E+01
348.000 5.215E+01
349.000 5.207E+01
350.000 5.199E+01
351.000 5.192E+01
352.000 5.184E+01
353.000 5.177E+01
354.000 5.169E+01
355.000 5.162E+01
356.000 5.154E+01
357.000 5.147E+01
358.000 5.140E+01
359.000 5.132E+01
360.000 5.125E+01
361.000 5.118E+01
362.000 5.111E+01
363.000 5.104E+01
364.000 5.097E+01
365.000 5.090E+01
366.000 5.083E+01
367.000 5.076E+01
368.000 5.069E+01
369.000 5.062E+01
370.000 5.055E+01
371.000 5.048E+01
372.000 5.041E+01
373.000 5.035E+01
374.000 5.028E+01
375.000 5.021E+01
376.000 5.015E+01
377.000 5.008E+01
378.000 5.002E+01
379.000 4.995E+01
380.000 4.989E+01
381.000 4.982E+01
382.000 4.976E+01
383.000 4.969E+01
384.000 4.963E+01
385.000 4.957E+01
386.000 4.950E+01
387.000 4.944E+01
388.000 4.938E+01
389.000 4.932E+01
390.000 4.926E+01
391.000 4.919E+01
392.000 4.913E+01
393.000 4.907E+01
394.000 4.901E+01
395.000 4.895E+01
396.000 4.889E+01
397.000 4.883E+01
398.000 4.878E+01
399.000 4.872E+01
400.000 4.866E+01
401.000 4.860E+01
402.000 4.854E+01
403.000 4.849E+01
404.000 4.843E+01
405.000 4.837E+01
406.000 4.831E+01
407.000 4.826E+01
408.000 4.820E+01
409.000 4.815E+01
410.000 4.809E+01
411.000 4.804E+01
412.000 4.798E+01
413.000 4.793E+01
414.000 4.787E+01
415.000 4.782E+01
416.000 4.776E+01
417.000 4.771E+01
418.000 4.766E+01
419.000 4.761E+01
420.000 4.755E+01
421.000 4.750E+01
422.000 4.745E+01
423.000 4.740E+01
424.000 4.734E+01
425.000 4.729E+01
426.000 4.724E+01
427.000 4.719E+01
428.000 4.714E+01
429.000 4.709E+01
430.000 4.704E+01
431.000 4.699E+01
432.000 4.694E+01
433.000 4.689E+01
434.000 4.684E+01
435.000 4.679E+01
436.000 4.674E+01
437.000 4.670E+01
438.000 4.665E+01
439.000 4.660E+01
440.000 4.655E+01
441.000 4.650E+01
442.000 4.646E+01
443.000 4.641E+01
444.000 4.636E+01
445.000 4.632E+01
446.000 4.627E+01
447.000 4.622E+01
448.000 4.618E+01
449.000 4.613E+01
450.000 4.608E+01
451.000 4.604E+01
452.000 4.599E+01
453.000 4.595E+01
454.000 4.590E+01
455.000 4.586E+01
456.000 4.582E+01
457.000 4.577E+01
458.000 4.573E+01
459.000 4.568E+01
460.000 4.564E+01
461.000 4.560E+01
462.000 4.555E+01
463.000 4.551E+01
464.000 4.547E+01
465.000 4.542E+01
466.000 4.538E+01
467.000 4.534E+01
468.000 4.530E+01
469.000 4.526E+01
470.000 4.521E+01
471.000 4.517E+01
472.000 4.513E+01
473.000 4.509E+01
474.000 4.505E+01
475.000 4.501E+01
476.000 4.497E+01
477.000 4.493E+01
478.000 4.489E+01
479.000 4.485E+01
480.000 4.481E+01
481.000 4.477E+01
482.000 4.473E+01
483.000 4.469E+01
484.000 4.465E+01
485.000 4.461E+01
486.000 4.457E+01
487.000 4.453E+01
488.000 4.450E+01
489.000 4.446E+01
490.000 4.442E+01
491.000 4.438E+01
492.000 4.434E+01
493.000 4.431E+01
494.000 4.427E+01
495.000 4.423E+01
496.000 4.419E+01
497.000 4.416E+01
498.000 4.412E+01
499.000 4.408E+01
500.000 4.405E+01
501.000 4.401E+01
502.000 4.397E+01
503.000 4.394E+01
504.000 4.390E+01
505.000 4.387E+01
506.000 4.383E+01
507.000 4.380E+01
508.000 4.376E+01
509.000 4.372E+01
510.000 4.369E+01
511.000 4.365E+01
512.000 4.362E+01
513.000 4.359E+01
514.000 4.355E+01
515.000 4.352E+01
516.000 4.348E+01
517.000 4.345E+01
518.000 4.341E+01
519.000 4.338E+01
520.000 4.335E+01
521.000 4.331E+01
522.000 4.328E+01
523.000 4.325E+01
524.000 4.321E+01
525.000 4.318E+01
526.000 4.315E+01
527.000 4.312E+01
528.000 4.308E+01
529.000 4.305E+01
530.000 4.302E+01
531.000 4.299E+01
532.000 4.295E+01
533.000 4.292E+01
534.000 4.289E+01
535.000 4.286E+01
536.000 4.283E+01
537.000 4.280E+01
538.000 4.277E+01
539.000 4.273E+01
540.000 4.270E+01
541.000 4.267E+01
542.000 4.264E+01
543.000 4.261E+01
544.000 4.258E+01
545.000 4.255E+01
546.000 4.252E+01
547.000 4.249E+01
548.000 4.246E+01
549.000 4.243E+01
550.000 4.240E+01
551.000 4.237E+01
552.000 4.234E+01
553.000 4.231E+01
554.000 4.228E+01
555.000 4.225E+01
556.000 4.222E+01
557.000 4.220E+01
558.000 4.217E+01
559.000 4.214E+01
560.000 4.211E+01
561.000 4.208E+01
562.000 4.205E+01
563.000 4.202E+01
564.000 4.200E+01
565.000 4.197E+01
566.000 4.194E+01
567.000 4.191E+01
568.000 4.188E+01
569.000 4.186E+01
570.000 4.183E+01
571.000 4.180E+01
572.000 4.177E+01
573.000 4.175E+01
574.000 4.172E+01
575.000 4.169E+01
576.000 4.167E+01
577.000 4.164E+01
578.000 4.161E+01
579.000 4.159E+01
580.000 4.156E+01
581.000 4.153E+01
582.000 4.151E+01
583.000 4.148E+01
584.000 4.145E+01
585.000 4.143E+01
586.000 4.140E+01
587.000 4.138E+01
588.000 4.135E+01
589.000 4.133E+01
590.000 4.130E+01
591.000 4.127E+01
592.000 4.125E+01
593.000 4.122E+01
594.000 4.120E+01
595.000 4.117E+01
596.000 4.115E+01
597.000 4.112E+01
598.000 4.110E+01
599.000 4.108E+01
600.000 4.105E+01
601.000 4.103E+01
602.000 4.100E+01
603.000 4.098E+01
604.000 4.095E+01
605.000 4.093E+01
606.000 4.090E+01
607.000 4.088E+01
608.000 4.086E+01
609.000 4.083E+01
610.000 4.081E+01
611.000 4.079E+01
612.000 4.076E+01
613.000 4.074E+01
614.000 4.072E+01
615.000 4.069E+01
616.000 4.067E+01
617.000 4.065E+01
618.000 4.062E+01
619.000 4.060E+01
620.000 4.058E+01
621.000 4.055E+01
622.000 4.053E+01
623.000 4.051E+01
624.000 4.049E+01
625.000 4.046E+01
626.000 4.044E+01
627.000 4.042E+01
628.000 4.040E+01
629.000 4.038E+01
630.000 4.035E+01
631.000 4.033E+01
632.000 4.031E+01
633.000 4.029E+01
634.000 4.027E+01
635.000 4.024E+01
636.000 4.022E+01
637.000 4.020E+01
638.000 4.018E+01
639.000 4.016E+01
640.000 4.014E+01
641.000 4.012E+01
642.000 4.009E+01
643.000 4.007E+01
644.000 4.005E+01
645.000 4.003E+01
646.000 4.001E+01
647.000 3.999E+01
648.000 3.997E+01
649.000 3.995E+01
650.000 3.993E+01
651.000 3.991E+01
652.000 3.989E+01
653.000 3.987E+01
654.000 3.985E+01
655.000 3.983E+01
656.000 3.981E+01
657.000 3.979E+01
658.000 3.977E+01
659.000 3.975E+01
660.000 3.973E+01
661.000 3.971E+01
662.000 3.969E+01
663.000 3.967E+01
664.000 3.965E+01
665.000 3.963E+01
666.000 3.961E+01
667.000 3.959E+01
668.000 3.957E+01
669.000 3.955E+01
670.000 3.953E+01
671.000 3.951E+01
672.000 3.949E+01
673.000 3.947E+01
674.000 3.945E+01
675.000 3.944E+01
676.000 3.942E+01
677.000 3.940E+01
678.000 3.938E+01
679.000 3.936E+01
680.000 3.934E+01
681.000 3.932E+01
682.000 3.930E+01
683.000 3.929E+01
684.000 3.927E+01
685.000 3.925E+01
686.000 3.923E+01
687.000 3.921E+01
688.000 3.920E+01
689.000 3.918E+01
690.000 3.916E+01
691.000 3.914E+01
692.000 3.912E+01
693.000 3.911E+01
694.000 3.909E+01
695.000 3.907E+01
696.000 3.905E+01
697.000 3.904E+01
698.000 3.902E+01
699.000 3.900E+01
700.000 3.898E+01
701.000 3.897E+01
702.000 3.895E+01
703.000 3.893E+01
704.000 3.891E+01
705.000 3.890E+01
706.000 3.888E+01
707.000 3.886E+01
708.000 3.885E+01
709.000 3.883E+01
710.000 3.881E+01
711.000 3.880E+01
712.000 3.878E+01
713.000 3.876E+01
714.000 3.875E+01
715.000 3.873E+01
716.000 3.871E+01
717.000 3.870E+01
718.000 3.868E+01
719.000 3.866E+01
720.000 3.865E+01
721.000 3.863E+01
722.000 3.862E+01
723.000 3.860E+01
724.000 3.858E+01
725.000 3.857E+01
726.000 3.855E+01
727.000 3.854E+01
728.000 3.852E+01
729.000 3.850E+01
730.000 3.849E+01
731.000 3.847E+01
732.000 3.846E+01
733.000 3.844E+01
734.000 3.843E+01
735.000 3.841E+01
736.000 3.839E+01
737.000 3.838E+01
738.000 3.836E+01
739.000 3.835E+01
740.000 3.833E+01
741.000 3.832E+01
742.000 3.830E+01
743.000 3.829E+01
744.000 3.827E+01
745.000 3.826E+01
746.000 3.824E+01
747.000 3.823E+01
748.000 3.821E+01
749.000 3.820E+01
750.000 3.818E+01
751.000 3.817E+01
752.000 3.815E+01
753.000 3.814E+01
754.000 3.812E+01
755.000 3.811E+01
756.000 3.810E+01
757.000 3.808E+01
758.000 3.807E+01
759.000 3.805E+01
760.000 3.804E+01
761.000 3.802E+01
762.000 3.801E+01
763.000 3.799E+01
764.000 3.798E+01
765.000 3.797E+01
766.000 3.795E+01
767.000 3.794E+01
768.000 3.792E+01
769.000 3.791E+01
770.000 3.790E+01
771.000 3.788E+01
772.000 3.787E+01
773.000 3.785E+01
774.000 3.784E+01
775.000 3.783E+01
776.000 3.781E+01
777.000 3.780E+01
778.000 3.779E+01
779.000 3.777E+01
780.000 3.776E+01
781.000 3.775E+01
782.000 3.773E+01
783.000 3.772E+01
784.000 3.771E+01
785.000 3.769E+01
786.000 3.768E+01
787.000 3.767E+01
788.000 3.765E+01
789.000 3.764E+01
790.000 3.763E+01
791.000 3.761E+01
792.000 3.760E+01
793.000 3.759E+01
794.000 3.757E+01
795.000 3.756E+01
796.000 3.755E+01
797.000 3.754E+01
798.000 3.752E+01
799.000 3.751E+01
800.000 3.750E+01
801.000 3.748E+01
802.000 3.747E+01
803.000 3.746E+01
804.000 3.745E+01
805.000 3.743E+01
806.000 3.742E+01
807.000 3.741E+01
808.000 3.740E+01
809.000 3.739E+01
810.000 3.737E+01
811.000 3.736E+01
812.000 3.735E+01
813.000 3.734E+01
814.000 3.732E+01
815.000 3.731E+01
816.000 3.730E+01
817.000 3.729E+01
818.000 3.728E+01
819.000 3.726E+01
820.000 3.725E+01
821.000 3.724E+01
822.000 3.723E+01
823.000 3.722E+01
824.000 3.720E+01
825.000 3.719E+01
826.000 3.718E+01
827.000 3.717E+01
828.000 3.716E+01
829.000 3.715E+01
830.000 3.713E+01
831.000 3.712E+01
832.000 3.711E+01
833.000 3.710E+01
834.000 3.709E+01
835.000 3.708E+01
836.000 3.707E+01
837.000 3.705E+01
838.000 3.704E+01
839.000 3.703E+01
840.000 3.702E+01
841.000 3.701E+01
842.000 3.700E+01
843.000 3.699E+01
844.000 3.698E+01
845.000 3.696E+01
846.000 3.695E+01
847.000 3.694E+01
848.000 3.693E+01
849.000 3.692E+01
850.000 3.691E+01
851.000 3.690E+01
852.000 3.689E+01
853.000 3.688E+01
854.000 3.687E+01
855.000 3.686E+01
856.000 3.685E+01
857.000 3.683E+01
858.000 3.682E+01
859.000 3.681E+01
860.000 3.680E+01
861.000 3.679E+01
862.000 3.678E+01
863.000 3.677E+01
864.000 3.676E+01
865.000 3.675E+01
866.000 3.674E+01
867.000 3.673E+01
868.000 3.672E+01
869.000 3.671E+01
870.000 3.670E+01
871.000 3.669E+01
872.000 3.668E+01
873.000 3.667E+01
874.000 3.666E+01
875.000 3.665E+01
876.000 3.664E+01
877.000 3.663E+01
878.000 3.662E+01
879.000 3.661E+01
880.000 3.660E+01
881.000 3.659E+01
882.000 3.658E+01
883.000 3.657E+01
884.000 3.656E+01
885.000 3.655E+01
886.000 3.654E+01
887.000 3.653E+01
888.000 3.652E+01
889.000 3.651E+01
890.000 3.650E+01
891.000 3.649E+01
892.000 3.648E+01
893.000 3.647E+01
894.000 3.646E+01
895.000 3.645E+01
896.000 3.644E+01
897.000 3.644E+01
898.000 3.643E+01
899.000 3.642E+01
900.000 3.641E+01
901.000 3.640E+01
902.000 3.639E+01
903.000 3.638E+01
904.000 3.637E+01
905.000 3.636E+01
906.000 3.635E+01
907.000 3.634E+01
908.000 3.633E+01
909.000 3.632E+01
910.000 3.632E+01
911.000 3.631E+01
912.000 3.630E+01
913.000 3.629E+01
914.000 3.628E+01
915.000 3.627E+01
916.000 3.626E+01
917.000 3.625E+01
918.000 3.624E+01
919.000 3.623E+01
920.000 3.623E+01
921.000 3.622E+01
922.000 3.621E+01
923.000 3.620E+01
924.000 3.619E+01
925.000 3.618E+01
926.000 3.617E+01
927.000 3.616E+01
928.000 3.615E+01
929.000 3.615E+01
930.000 3.614E+01
931.000 3.613E+01
932.000 3.612E+01
933.000 3.611E+01
934.000 3.610E+01
935.000 3.609E+01
936.000 3.609E+01
937.000 3.608E+01
938.000 3.607E+01
939.000 3.606E+01
940.000 3.605E+01
941.000 3.604E+01
942.000 3.603E+01
943.000 3.603E+01
944.000 3.602E+01
945.000 3.601E+01
946.000 3.600E+01
947.000 3.599E+01
948.000 3.598E+01
949.000 3.598E+01
950.000 3.597E+01
951.000 3.596E+01
952.000 3.595E+01
953.000 3.594E+01
954.000 3.593E+01
955.000 3.593E+01
956.000 3.592E+01
957.000 3.591E+01
958.000 3.590E+01
959.000 3.589E+01
960.000 3.588E+01
961.000 3.588E+01
962.000 3.587E+01
963.000 3.586E+01
964.000 3.585E+01
965.000 3.584E+01
966.000 3.583E+01
967.000 3.583E+01
968.000 3.582E+01
969.000 3.581E+01
970.000 3.580E+01
971.000 3.579E+01
972.000 3.579E+01
973.000 3.578E+01
974.000 3.577E+01
975.000 3.576E+01
976.000 3.575E+01
977.000 3.574E+01
978.000 3.574E+01
979.000 3.573E+01
980.000 3.572E+01
981.000 3.571E+01
982.000 3.570E+01
983.000 3.570E+01
984.000 3.569E+01
985.000 3.568E+01
986.000 3.567E+01
987.000 3.566E+01
988.000 3.566E+01
989.000 3.565E+01
990.000 3.564E+01
991.000 3.563E+01
992.000 3.562E+01
993.000 3.561E+01
994.000 3.561E+01
995.000 3.560E+01
996.000 3.559E+01
997.000 3.558E+01
998.000 3.557E+01
999.000 3.557E+01
