0.010 1.852E+03
0.020 2.752E+03
0.030 3.479E+03
0.040 4.101E+03
0.050 4.652E+03
0.060 5.145E+03
0.070 5.589E+03
0.080 5.991E+03
0.090 6.354E+03
0.100 6.682E+03
0.110 6.977E+03
0.120 7.242E+03
0.130 7.479E+03
0.140 7.689E+03
0.150 7.876E+03
0.160 8.041E+03
0.170 8.185E+03
0.180 8.311E+03
0.190 8.420E+03
0.200 8.513E+03
0.210 8.592E+03
0.220 8.658E+03
0.230 8.713E+03
0.240 8.758E+03
0.250 8.793E+03
0.260 8.817E+03
0.270 8.831E+03
0.280 8.836E+03
0.290 8.833E+03
0.300 8.824E+03
0.310 8.809E+03
0.320 8.791E+03
0.330 8.769E+03
0.340 8.743E+03
0.350 8.716E+03
0.360 8.685E+03
0.370 8.653E+03
0.380 8.619E+03
0.390 8.584E+03
0.400 8.548E+03
0.410 8.511E+03
0.420 8.473E+03
0.430 8.434E+03
0.440 8.394E+03
0.450 8.355E+03
0.460 8.315E+03
0.470 8.274E+03
0.480 8.234E+03
0.490 8.193E+03
0.500 8.153E+03
0.510 8.112E+03
0.520 8.071E+03
0.530 8.031E+03
0.540 7.991E+03
0.550 7.952E+03
0.560 7.912E+03
0.570 7.874E+03
0.580 7.836E+03
0.590 7.799E+03
0.600 7.762E+03
0.610 7.725E+03
0.620 7.689E+03
0.630 7.654E+03
0.640 7.618E+03
0.650 7.584E+03
0.660 7.549E+03
0.670 7.515E+03
0.680 7.482E+03
0.690 7.449E+03
0.700 7.416E+03
0.710 7.384E+03
0.720 7.352E+03
0.730 7.320E+03
0.740 7.289E+03
0.750 7.258E+03
0.760 7.228E+03
0.770 7.198E+03
0.780 7.168E+03
0.790 7.138E+03
0.800 7.109E+03
0.810 7.081E+03
0.820 7.052E+03
0.830 7.024E+03
0.840 6.996E+03
0.850 6.969E+03
0.860 6.941E+03
0.870 6.914E+03
0.880 6.888E+03
0.890 6.861E+03
0.900 6.835E+03
0.910 6.809E+03
0.920 6.783E+03
0.930 6.758E+03
0.940 6.733E+03
0.950 6.708E+03
0.960 6.683E+03
0.970 6.659E+03
0.980 6.635E+03
0.990 6.610E+03
1.000 6.587E+03
1.100 6.358E+03
1.200 6.148E+03
1.300 5.953E+03
1.400 5.771E+03
1.500 5.602E+03
1.600 5.442E+03
1.700 5.290E+03
1.800 5.148E+03
1.900 5.014E+03
2.000 4.886E+03
2.100 4.765E+03
2.200 4.651E+03
2.300 4.541E+03
2.400 4.437E+03
2.500 4.338E+03
2.600 4.242E+03
2.700 4.151E+03
2.800 4.064E+03
2.900 3.980E+03
3.000 3.900E+03
3.100 3.823E+03
3.200 3.749E+03
3.300 3.677E+03
3.400 3.608E+03
3.500 3.542E+03
3.600 3.478E+03
3.700 3.417E+03
3.800 3.357E+03
3.900 3.300E+03
4.000 3.245E+03
4.100 3.191E+03
4.200 3.139E+03
4.300 3.089E+03
4.400 3.041E+03
4.500 2.994E+03
4.600 2.948E+03
4.700 2.904E+03
4.800 2.862E+03
4.900 2.820E+03
5.000 2.780E+03
5.100 2.741E+03
5.200 2.703E+03
5.300 2.666E+03
5.400 2.630E+03
5.500 2.595E+03
5.600 2.561E+03
5.700 2.528E+03
5.800 2.496E+03
5.900 2.464E+03
6.000 2.434E+03
6.100 2.404E+03
6.200 2.375E+03
6.300 2.347E+03
6.400 2.319E+03
6.500 2.292E+03
6.600 2.266E+03
6.700 2.240E+03
6.800 2.215E+03
6.900 2.190E+03
7.000 2.166E+03
7.100 2.143E+03
7.200 2.120E+03
7.300 2.098E+03
7.400 2.076E+03
7.500 2.055E+03
7.600 2.034E+03
7.700 2.013E+03
7.800 1.993E+03
7.900 1.974E+03
8.000 1.954E+03
8.100 1.936E+03
8.200 1.917E+03
8.300 1.899E+03
8.400 1.881E+03
8.500 1.864E+03
8.600 1.847E+03
8.700 1.830E+03
8.800 1.814E+03
8.900 1.798E+03
9.000 1.782E+03
9.100 1.767E+03
9.200 1.752E+03
9.300 1.737E+03
9.400 1.722E+03
9.500 1.708E+03
9.600 1.694E+03
9.700 1.680E+03
9.800 1.666E+03
9.900 1.653E+03
10.000 1.640E+03
11.000 1.520E+03
12.000 1.418E+03
13.000 1.329E+03
14.000 1.252E+03
15.000 1.184E+03
16.000 1.124E+03
17.000 1.070E+03
18.000 1.022E+03
19.000 9.779E+02
20.000 9.380E+02
21.000 9.016E+02
22.000 8.682E+02
23.000 8.374E+02
24.000 8.090E+02
25.000 7.827E+02
26.000 7.581E+02
27.000 7.353E+02
28.000 7.139E+02
29.000 6.939E+02
30.000 6.752E+02
31.000 6.576E+02
32.000 6.409E+02
33.000 6.252E+02
34.000 6.103E+02
35.000 5.962E+02
36.000 5.829E+02
37.000 5.702E+02
38.000 5.581E+02
39.000 5.465E+02
40.000 5.356E+02
41.000 5.251E+02
42.000 5.150E+02
43.000 5.054E+02
44.000 4.962E+02
45.000 4.874E+02
46.000 4.789E+02
47.000 4.708E+02
48.000 4.630E+02
49.000 4.555E+02
50.000 4.482E+02
51.000 4.412E+02
52.000 4.345E+02
53.000 4.280E+02
54.000 4.217E+02
55.000 4.157E+02
56.000 4.098E+02
57.000 4.041E+02
58.000 3.987E+02
59.000 3.933E+02
60.000 3.882E+02
61.000 3.832E+02
62.000 3.784E+02
63.000 3.737E+02
64.000 3.691E+02
65.000 3.647E+02
66.000 3.604E+02
67.000 3.562E+02
68.000 3.521E+02
69.000 3.481E+02
70.000 3.443E+02
71.000 3.405E+02
72.000 3.369E+02
73.000 3.333E+02
74.000 3.298E+02
75.000 3.264E+02
76.000 3.231E+02
77.000 3.199E+02
78.000 3.168E+02
79.000 3.137E+02
80.000 3.107E+02
81.000 3.077E+02
82.000 3.049E+02
83.000 3.021E+02
84.000 2.993E+02
85.000 2.967E+02
86.000 2.941E+02
87.000 2.915E+02
88.000 2.890E+02
89.000 2.865E+02
90.000 2.841E+02
91.000 2.818E+02
92.000 2.795E+02
93.000 2.772E+02
94.000 2.750E+02
95.000 2.728E+02
96.000 2.707E+02
97.000 2.686E+02
98.000 2.666E+02
99.000 2.646E+02
100.000 2.626E+02
101.000 2.607E+02
102.000 2.588E+02
103.000 2.569E+02
104.000 2.551E+02
105.000 2.533E+02
106.000 2.515E+02
107.000 2.498E+02
108.000 2.481E+02
109.000 2.464E+02
110.000 2.448E+02
111.000 2.432E+02
112.000 2.416E+02
113.000 2.400E+02
114.000 2.385E+02
115.000 2.370E+02
116.000 2.355E+02
117.000 2.340E+02
118.000 2.326E+02
119.000 2.312E+02
120.000 2.298E+02
121.000 2.284E+02
122.000 2.271E+02
123.000 2.257E+02
124.000 2.244E+02
125.000 2.231E+02
126.000 2.219E+02
127.000 2.206E+02
128.000 2.194E+02
129.000 2.182E+02
130.000 2.170E+02
131.000 2.158E+02
132.000 2.146E+02
133.000 2.135E+02
134.000 2.124E+02
135.000 2.112E+02
136.000 2.102E+02
137.000 2.091E+02
138.000 2.080E+02
139.000 2.070E+02
140.000 2.059E+02
141.000 2.049E+02
142.000 2.039E+02
143.000 2.029E+02
144.000 2.019E+02
145.000 2.009E+02
146.000 2.000E+02
147.000 1.990E+02
148.000 1.981E+02
149.000 1.972E+02
150.000 1.963E+02
151.000 1.954E+02
152.000 1.945E+02
153.000 1.936E+02
154.000 1.927E+02
155.000 1.919E+02
156.000 1.910E+02
157.000 1.902E+02
158.000 1.894E+02
159.000 1.886E+02
160.000 1.878E+02
161.000 1.870E+02
162.000 1.862E+02
163.000 1.854E+02
164.000 1.846E+02
165.000 1.839E+02
166.000 1.831E+02
167.000 1.824E+02
168.000 1.817E+02
169.000 1.809E+02
170.000 1.802E+02
171.000 1.795E+02
172.000 1.788E+02
173.000 1.781E+02
174.000 1.774E+02
175.000 1.768E+02
176.000 1.761E+02
177.000 1.754E+02
178.000 1.748E+02
179.000 1.741E+02
180.000 1.735E+02
181.000 1.729E+02
182.000 1.722E+02
183.000 1.716E+02
184.000 1.710E+02
185.000 1.704E+02
186.000 1.698E+02
187.000 1.692E+02
188.000 1.686E+02
189.000 1.680E+02
190.000 1.674E+02
191.000 1.669E+02
192.000 1.663E+02
193.000 1.658E+02
194.000 1.652E+02
195.000 1.646E+02
196.000 1.641E+02
197.000 1.636E+02
198.000 1.630E+02
199.000 1.625E+02
200.000 1.620E+02
201.000 1.615E+02
202.000 1.610E+02
203.000 1.605E+02
204.000 1.599E+02
205.000 1.595E+02
206.000 1.590E+02
207.000 1.585E+02
208.000 1.580E+02
209.000 1.575E+02
210.000 1.570E+02
211.000 1.566E+02
212.000 1.561E+02
213.000 1.556E+02
214.000 1.552E+02
215.000 1.547E+02
216.000 1.543E+02
217.000 1.538E+02
218.000 1.534E+02
219.000 1.529E+02
220.000 1.525E+02
221.000 1.521E+02
222.000 1.517E+02
223.000 1.512E+02
224.000 1.508E+02
225.000 1.504E+02
226.000 1.500E+02
227.000 1.496E+02
228.000 1.492E+02
229.000 1.488E+02
230.000 1.484E+02
231.000 1.480E+02
232.000 1.476E+02
233.000 1.472E+02
234.000 1.468E+02
235.000 1.464E+02
236.000 1.461E+02
237.000 1.457E+02
238.000 1.453E+02
239.000 1.449E+02
240.000 1.446E+02
241.000 1.442E+02
242.000 1.439E+02
243.000 1.435E+02
244.000 1.431E+02
245.000 1.428E+02
246.000 1.424E+02
247.000 1.421E+02
248.000 1.418E+02
249.000 1.414E+02
250.000 1.411E+02
251.000 1.407E+02
252.000 1.404E+02
253.000 1.401E+02
254.000 1.398E+02
255.000 1.394E+02
256.000 1.391E+02
257.000 1.388E+02
258.000 1.385E+02
259.000 1.381E+02
260.000 1.378E+02
261.000 1.375E+02
262.000 1.372E+02
263.000 1.369E+02
264.000 1.366E+02
265.000 1.363E+02
266.000 1.360E+02
267.000 1.357E+02
268.000 1.354E+02
269.000 1.351E+02
270.000 1.348E+02
271.000 1.345E+02
272.000 1.343E+02
273.000 1.340E+02
274.000 1.337E+02
275.000 1.334E+02
276.000 1.331E+02
277.000 1.329E+02
278.000 1.326E+02
279.000 1.323E+02
280.000 1.320E+02
281.000 1.318E+02
282.000 1.315E+02
283.000 1.312E+02
284.000 1.310E+02
285.000 1.307E+02
286.000 1.305E+02
287.000 1.302E+02
288.000 1.299E+02
289.000 1.297E+02
290.000 1.294E+02
291.000 1.292E+02
292.000 1.289E+02
293.000 1.287E+02
294.000 1.285E+02
295.000 1.282E+02
296.000 1.280E+02
297.000 1.277E+02
298.000 1.275E+02
299.000 1.273E+02
300.000 1.270E+02
301.000 1.268E+02
302.000 1.266E+02
303.000 1.263E+02
304.000 1.261E+02
305.000 1.259E+02
306.000 1.256E+02
307.000 1.254E+02
308.000 1.252E+02
309.000 1.250E+02
310.000 1.248E+02
311.000 1.245E+02
312.000 1.243E+02
313.000 1.241E+02
314.000 1.239E+02
315.000 1.237E+02
316.000 1.235E+02
317.000 1.233E+02
318.000 1.231E+02
319.000 1.228E+02
320.000 1.226E+02
321.000 1.224E+02
322.000 1.222E+02
323.000 1.220E+02
324.000 1.218E+02
325.000 1.216E+02
326.000 1.214E+02
327.000 1.212E+02
328.000 1.210E+02
329.000 1.208E+02
330.000 1.206E+02
331.000 1.204E+02
332.000 1.203E+02
333.000 1.201E+02
334.000 1.199E+02
335.000 1.197E+02
336.000 1.195E+02
337.000 1.193E+02
338.000 1.191E+02
339.000 1.189E+02
340.000 1.188E+02
341.000 1.186E+02
342.000 1.184E+02
343.000 1.182E+02
344.000 1.180E+02
345.000 1.179E+02
346.000 1.177E+02
347.000 1.175E+02
348.000 1.173E+02
349.000 1.172E+02
350.000 1.170E+02
351.000 1.168E+02
352.000 1.166E+02
353.000 1.165E+02
354.000 1.163E+02
355.000 1.161E+02
356.000 1.160E+02
357.000 1.158E+02
358.000 1.156E+02
359.000 1.155E+02
360.000 1.153E+02
361.000 1.152E+02
362.000 1.150E+02
363.000 1.148E+02
364.000 1.147E+02
365.000 1.145E+02
366.000 1.144E+02
367.000 1.142E+02
368.000 1.140E+02
369.000 1.139E+02
370.000 1.137E+02
371.000 1.136E+02
372.000 1.134E+02
373.000 1.133E+02
374.000 1.131E+02
375.000 1.130E+02
376.000 1.128E+02
377.000 1.127E+02
378.000 1.125E+02
379.000 1.124E+02
380.000 1.122E+02
381.000 1.121E+02
382.000 1.120E+02
383.000 1.118E+02
384.000 1.117E+02
385.000 1.115E+02
386.000 1.114E+02
387.000 1.112E+02
388.000 1.111E+02
389.000 1.110E+02
390.000 1.108E+02
391.000 1.107E+02
392.000 1.106E+02
393.000 1.104E+02
394.000 1.103E+02
395.000 1.101E+02
396.000 1.100E+02
397.000 1.099E+02
398.000 1.097E+02
399.000 1.096E+02
400.000 1.095E+02
401.000 1.094E+02
402.000 1.092E+02
403.000 1.091E+02
404.000 1.090E+02
405.000 1.088E+02
406.000 1.087E+02
407.000 1.086E+02
408.000 1.085E+02
409.000 1.083E+02
410.000 1.082E+02
411.000 1.081E+02
412.000 1.080E+02
413.000 1.078E+02
414.000 1.077E+02
415.000 1.076E+02
416.000 1.075E+02
417.000 1.074E+02
418.000 1.072E+02
419.000 1.071E+02
420.000 1.070E+02
421.000 1.069E+02
422.000 1.068E+02
423.000 1.066E+02
424.000 1.065E+02
425.000 1.064E+02
426.000 1.063E+02
427.000 1.062E+02
428.000 1.061E+02
429.000 1.060E+02
430.000 1.058E+02
431.000 1.057E+02
432.000 1.056E+02
433.000 1.055E+02
434.000 1.054E+02
435.000 1.053E+02
436.000 1.052E+02
437.000 1.051E+02
438.000 1.050E+02
439.000 1.048E+02
440.000 1.047E+02
441.000 1.046E+02
442.000 1.045E+02
443.000 1.044E+02
444.000 1.043E+02
445.000 1.042E+02
446.000 1.041E+02
447.000 1.040E+02
448.000 1.039E+02
449.000 1.038E+02
450.000 1.037E+02
451.000 1.036E+02
452.000 1.035E+02
453.000 1.034E+02
454.000 1.033E+02
455.000 1.032E+02
456.000 1.031E+02
457.000 1.030E+02
458.000 1.029E+02
459.000 1.028E+02
460.000 1.027E+02
461.000 1.026E+02
462.000 1.025E+02
463.000 1.024E+02
464.000 1.023E+02
465.000 1.022E+02
466.000 1.021E+02
467.000 1.020E+02
468.000 1.019E+02
469.000 1.018E+02
470.000 1.017E+02
471.000 1.016E+02
472.000 1.015E+02
473.000 1.015E+02
474.000 1.014E+02
475.000 1.013E+02
476.000 1.012E+02
477.000 1.011E+02
478.000 1.010E+02
479.000 1.009E+02
480.000 1.008E+02
481.000 1.007E+02
482.000 1.006E+02
483.000 1.006E+02
484.000 1.005E+02
485.000 1.004E+02
486.000 1.003E+02
487.000 1.002E+02
488.000 1.001E+02
489.000 1.000E+02
490.000 9.994E+01
491.000 9.986E+01
492.000 9.977E+01
493.000 9.969E+01
494.000 9.960E+01
495.000 9.952E+01
496.000 9.944E+01
497.000 9.935E+01
498.000 9.927E+01
499.000 9.919E+01
500.000 9.911E+01
501.000 9.902E+01
502.000 9.894E+01
503.000 9.886E+01
504.000 9.878E+01
505.000 9.870E+01
506.000 9.862E+01
507.000 9.854E+01
508.000 9.846E+01
509.000 9.838E+01
510.000 9.830E+01
511.000 9.822E+01
512.000 9.815E+01
513.000 9.807E+01
514.000 9.799E+01
515.000 9.791E+01
516.000 9.784E+01
517.000 9.776E+01
518.000 9.768E+01
519.000 9.761E+01
520.000 9.753E+01
521.000 9.746E+01
522.000 9.738E+01
523.000 9.731E+01
524.000 9.723E+01
525.000 9.716E+01
526.000 9.708E+01
527.000 9.701E+01
528.000 9.694E+01
529.000 9.686E+01
530.000 9.679E+01
531.000 9.672E+01
532.000 9.665E+01
533.000 9.658E+01
534.000 9.650E+01
535.000 9.643E+01
536.000 9.636E+01
537.000 9.629E+01
538.000 9.622E+01
539.000 9.615E+01
540.000 9.608E+01
541.000 9.601E+01
542.000 9.594E+01
543.000 9.587E+01
544.000 9.581E+01
545.000 9.574E+01
546.000 9.567E+01
547.000 9.560E+01
548.000 9.553E+01
549.000 9.547E+01
550.000 9.540E+01
551.000 9.533E+01
552.000 9.527E+01
553.000 9.520E+01
554.000 9.514E+01
555.000 9.507E+01
556.000 9.500E+01
557.000 9.494E+01
558.000 9.487E+01
559.000 9.481E+01
560.000 9.475E+01
561.000 9.468E+01
562.000 9.462E+01
563.000 9.455E+01
564.000 9.449E+01
565.000 9.443E+01
566.000 9.436E+01
567.000 9.430E+01
568.000 9.424E+01
569.000 9.418E+01
570.000 9.412E+01
571.000 9.405E+01
572.000 9.399E+01
573.000 9.393E+01
574.000 9.387E+01
575.000 9.381E+01
576.000 9.375E+01
577.000 9.369E+01
578.000 9.363E+01
579.000 9.357E+01
580.000 9.351E+01
581.000 9.345E+01
582.000 9.339E+01
583.000 9.333E+01
584.000 9.327E+01
585.000 9.321E+01
586.000 9.316E+01
587.000 9.310E+01
588.000 9.304E+01
589.000 9.298E+01
590.000 9.293E+01
591.000 9.287E+01
592.000 9.281E+01
593.000 9.275E+01
594.000 9.270E+01
595.000 9.264E+01
596.000 9.259E+01
597.000 9.253E+01
598.000 9.247E+01
599.000 9.242E+01
600.000 9.236E+01
601.000 9.231E+01
602.000 9.225E+01
603.000 9.220E+01
604.000 9.214E+01
605.000 9.209E+01
606.000 9.204E+01
607.000 9.198E+01
608.000 9.193E+01
609.000 9.188E+01
610.000 9.182E+01
611.000 9.177E+01
612.000 9.172E+01
613.000 9.166E+01
614.000 9.161E+01
615.000 9.156E+01
616.000 9.151E+01
617.000 9.145E+01
618.000 9.140E+01
619.000 9.135E+01
620.000 9.130E+01
621.000 9.125E+01
622.000 9.120E+01
623.000 9.115E+01
624.000 9.110E+01
625.000 9.104E+01
626.000 9.099E+01
627.000 9.094E+01
628.000 9.089E+01
629.000 9.084E+01
630.000 9.079E+01
631.000 9.075E+01
632.000 9.070E+01
633.000 9.065E+01
634.000 9.060E+01
635.000 9.055E+01
636.000 9.050E+01
637.000 9.045E+01
638.000 9.040E+01
639.000 9.036E+01
640.000 9.031E+01
641.000 9.026E+01
642.000 9.021E+01
643.000 9.016E+01
644.000 9.012E+01
645.000 9.007E+01
646.000 9.002E+01
647.000 8.998E+01
648.000 8.993E+01
649.000 8.988E+01
650.000 8.984E+01
651.000 8.979E+01
652.000 8.974E+01
653.000 8.970E+01
654.000 8.965E+01
655.000 8.961E+01
656.000 8.956E+01
657.000 8.952E+01
658.000 8.947E+01
659.000 8.943E+01
660.000 8.938E+01
661.000 8.934E+01
662.000 8.929E+01
663.000 8.925E+01
664.000 8.920E+01
665.000 8.916E+01
666.000 8.912E+01
667.000 8.907E+01
668.000 8.903E+01
669.000 8.899E+01
670.000 8.894E+01
671.000 8.890E+01
672.000 8.886E+01
673.000 8.881E+01
674.000 8.877E+01
675.000 8.873E+01
676.000 8.869E+01
677.000 8.864E+01
678.000 8.860E+01
679.000 8.856E+01
680.000 8.852E+01
681.000 8.848E+01
682.000 8.844E+01
683.000 8.839E+01
684.000 8.835E+01
685.000 8.831E+01
686.000 8.827E+01
687.000 8.823E+01
688.000 8.819E+01
689.000 8.815E+01
690.000 8.811E+01
691.000 8.807E+01
692.000 8.803E+01
693.000 8.799E+01
694.000 8.795E+01
695.000 8.791E+01
696.000 8.787E+01
697.000 8.783E+01
698.000 8.779E+01
699.000 8.775E+01
700.000 8.771E+01
701.000 8.767E+01
702.000 8.763E+01
703.000 8.760E+01
704.000 8.756E+01
705.000 8.752E+01
706.000 8.748E+01
707.000 8.744E+01
708.000 8.740E+01
709.000 8.737E+01
710.000 8.733E+01
711.000 8.729E+01
712.000 8.725E+01
713.000 8.722E+01
714.000 8.718E+01
715.000 8.714E+01
716.000 8.710E+01
717.000 8.707E+01
718.000 8.703E+01
719.000 8.699E+01
720.000 8.696E+01
721.000 8.692E+01
722.000 8.688E+01
723.000 8.685E+01
724.000 8.681E+01
725.000 8.678E+01
726.000 8.674E+01
727.000 8.670E+01
728.000 8.667E+01
729.000 8.663E+01
730.000 8.660E+01
731.000 8.656E+01
732.000 8.653E+01
733.000 8.649E+01
734.000 8.646E+01
735.000 8.642E+01
736.000 8.639E+01
737.000 8.635E+01
738.000 8.632E+01
739.000 8.628E+01
740.000 8.625E+01
741.000 8.622E+01
742.000 8.618E+01
743.000 8.615E+01
744.000 8.611E+01
745.000 8.608E+01
746.000 8.605E+01
747.000 8.601E+01
748.000 8.598E+01
749.000 8.595E+01
750.000 8.591E+01
751.000 8.588E+01
752.000 8.585E+01
753.000 8.581E+01
754.000 8.578E+01
755.000 8.575E+01
756.000 8.571E+01
757.000 8.568E+01
758.000 8.565E+01
759.000 8.562E+01
760.000 8.558E+01
761.000 8.555E+01
762.000 8.552E+01
763.000 8.549E+01
764.000 8.546E+01
765.000 8.542E+01
766.000 8.539E+01
767.000 8.536E+01
768.000 8.533E+01
769.000 8.530E+01
770.000 8.527E+01
771.000 8.524E+01
772.000 8.520E+01
773.000 8.517E+01
774.000 8.514E+01
775.000 8.511E+01
776.000 8.508E+01
777.000 8.505E+01
778.000 8.502E+01
779.000 8.499E+01
780.000 8.496E+01
781.000 8.493E+01
782.000 8.490E+01
783.000 8.487E+01
784.000 8.484E+01
785.000 8.481E+01
786.000 8.478E+01
787.000 8.475E+01
788.000 8.472E+01
789.000 8.469E+01
790.000 8.466E+01
791.000 8.463E+01
792.000 8.460E+01
793.000 8.457E+01
794.000 8.454E+01
795.000 8.451E+01
796.000 8.448E+01
797.000 8.446E+01
798.000 8.443E+01
799.000 8.440E+01
800.000 8.437E+01
801.000 8.434E+01
802.000 8.431E+01
803.000 8.428E+01
804.000 8.426E+01
805.000 8.423E+01
806.000 8.420E+01
807.000 8.417E+01
808.000 8.414E+01
809.000 8.412E+01
810.000 8.409E+01
811.000 8.406E+01
812.000 8.403E+01
813.000 8.401E+01
814.000 8.398E+01
815.000 8.395E+01
816.000 8.392E+01
817.000 8.390E+01
818.000 8.387E+01
819.000 8.384E+01
820.000 8.382E+01
821.000 8.379E+01
822.000 8.376E+01
823.000 8.374E+01
824.000 8.371E+01
825.000 8.368E+01
826.000 8.366E+01
827.000 8.363E+01
828.000 8.360E+01
829.000 8.358E+01
830.000 8.355E+01
831.000 8.353E+01
832.000 8.350E+01
833.000 8.347E+01
834.000 8.345E+01
835.000 8.342E+01
836.000 8.340E+01
837.000 8.337E+01
838.000 8.335E+01
839.000 8.332E+01
840.000 8.330E+01
841.000 8.327E+01
842.000 8.325E+01
843.000 8.322E+01
844.000 8.320E+01
845.000 8.317E+01
846.000 8.315E+01
847.000 8.312E+01
848.000 8.310E+01
849.000 8.307E+01
850.000 8.305E+01
851.000 8.302E+01
852.000 8.300E+01
853.000 8.297E+01
854.000 8.295E+01
855.000 8.293E+01
856.000 8.290E+01
857.000 8.288E+01
858.000 8.285E+01
859.000 8.283E+01
860.000 8.281E+01
861.000 8.278E+01
862.000 8.276E+01
863.000 8.274E+01
864.000 8.271E+01
865.000 8.269E+01
866.000 8.267E+01
867.000 8.264E+01
868.000 8.262E+01
869.000 8.260E+01
870.000 8.257E+01
871.000 8.255E+01
872.000 8.253E+01
873.000 8.251E+01
874.000 8.248E+01
875.000 8.246E+01
876.000 8.244E+01
877.000 8.242E+01
878.000 8.239E+01
879.000 8.237E+01
880.000 8.235E+01
881.000 8.233E+01
882.000 8.230E+01
883.000 8.228E+01
884.000 8.226E+01
885.000 8.224E+01
886.000 8.222E+01
887.000 8.219E+01
888.000 8.217E+01
889.000 8.215E+01
890.000 8.213E+01
891.000 8.211E+01
892.000 8.209E+01
893.000 8.206E+01
894.000 8.204E+01
895.000 8.202E+01
896.000 8.200E+01
897.000 8.198E+01
898.000 8.196E+01
899.000 8.194E+01
900.000 8.192E+01
901.000 8.190E+01
902.000 8.187E+01
903.000 8.185E+01
904.000 8.183E+01
905.000 8.181E+01
906.000 8.179E+01
907.000 8.177E+01
908.000 8.175E+01
909.000 8.173E+01
910.000 8.171E+01
911.000 8.169E+01
912.000 8.167E+01
913.000 8.165E+01
914.000 8.163E+01
915.000 8.161E+01
916.000 8.159E+01
917.000 8.157E+01
918.000 8.155E+01
919.000 8.153E+01
920.000 8.151E+01
921.000 8.149E+01
922.000 8.147E+01
923.000 8.145E+01
924.000 8.143E+01
925.000 8.141E+01
926.000 8.139E+01
927.000 8.137E+01
928.000 8.135E+01
929.000 8.133E+01
930.000 8.131E+01
931.000 8.129E+01
932.000 8.127E+01
933.000 8.125E+01
934.000 8.123E+01
935.000 8.121E+01
936.000 8.119E+01
937.000 8.117E+01
938.000 8.115E+01
939.000 8.113E+01
940.000 8.112E+01
941.000 8.110E+01
942.000 8.108E+01
943.000 8.106E+01
944.000 8.104E+01
945.000 8.102E+01
946.000 8.100E+01
947.000 8.098E+01
948.000 8.096E+01
949.000 8.094E+01
950.000 8.093E+01
951.000 8.091E+01
952.000 8.089E+01
953.000 8.087E+01
954.000 8.085E+01
955.000 8.083E+01
956.000 8.081E+01
957.000 8.079E+01
958.000 8.078E+01
959.000 8.076E+01
960.000 8.074E+01
961.000 8.072E+01
962.000 8.070E+01
963.000 8.068E+01
964.000 8.066E+01
965.000 8.065E+01
966.000 8.063E+01
967.000 8.061E+01
968.000 8.059E+01
969.000 8.057E+01
970.000 8.055E+01
971.000 8.053E+01
972.000 8.052E+01
973.000 8.050E+01
974.000 8.048E+01
975.000 8.046E+01
976.000 8.044E+01
977.000 8.042E+01
978.000 8.041E+01
979.000 8.039E+01
980.000 8.037E+01
981.000 8.035E+01
982.000 8.033E+01
983.000 8.032E+01
984.000 8.030E+01
985.000 8.028E+01
986.000 8.026E+01
987.000 8.024E+01
988.000 8.022E+01
989.000 8.021E+01
990.000 8.019E+01
991.000 8.017E+01
992.000 8.015E+01
993.000 8.013E+01
994.000 8.011E+01
995.000 8.010E+01
996.000 8.008E+01
997.000 8.006E+01
998.000 8.004E+01
999.000 8.002E+01
