0.010 4.229E+02
0.020 5.673E+02
0.030 6.628E+02
0.040 7.290E+02
0.050 7.740E+02
0.060 8.026E+02
0.070 8.183E+02
0.080 8.241E+02
0.090 8.222E+02
0.100 8.145E+02
0.110 8.029E+02
0.120 7.882E+02
0.130 7.715E+02
0.140 7.537E+02
0.150 7.360E+02
0.160 7.192E+02
0.170 7.035E+02
0.180 6.885E+02
0.190 6.742E+02
0.200 6.604E+02
0.210 6.473E+02
0.220 6.347E+02
0.230 6.227E+02
0.240 6.110E+02
0.250 5.999E+02
0.260 5.891E+02
0.270 5.787E+02
0.280 5.687E+02
0.290 5.591E+02
0.300 5.497E+02
0.310 5.407E+02
0.320 5.320E+02
0.330 5.236E+02
0.340 5.154E+02
0.350 5.075E+02
0.360 4.998E+02
0.370 4.924E+02
0.380 4.852E+02
0.390 4.782E+02
0.400 4.714E+02
0.410 4.648E+02
0.420 4.584E+02
0.430 4.521E+02
0.440 4.460E+02
0.450 4.401E+02
0.460 4.344E+02
0.470 4.288E+02
0.480 4.233E+02
0.490 4.180E+02
0.500 4.128E+02
0.510 4.077E+02
0.520 4.028E+02
0.530 3.980E+02
0.540 3.933E+02
0.550 3.888E+02
0.560 3.843E+02
0.570 3.800E+02
0.580 3.758E+02
0.590 3.716E+02
0.600 3.676E+02
0.610 3.637E+02
0.620 3.599E+02
0.630 3.561E+02
0.640 3.525E+02
0.650 3.489E+02
0.660 3.454E+02
0.670 3.420E+02
0.680 3.386E+02
0.690 3.354E+02
0.700 3.322E+02
0.710 3.291E+02
0.720 3.260E+02
0.730 3.230E+02
0.740 3.201E+02
0.750 3.172E+02
0.760 3.144E+02
0.770 3.116E+02
0.780 3.089E+02
0.790 3.063E+02
0.800 3.037E+02
0.810 3.011E+02
0.820 2.986E+02
0.830 2.962E+02
0.840 2.938E+02
0.850 2.914E+02
0.860 2.891E+02
0.870 2.869E+02
0.880 2.846E+02
0.890 2.824E+02
0.900 2.803E+02
0.910 2.781E+02
0.920 2.761E+02
0.930 2.740E+02
0.940 2.720E+02
0.950 2.700E+02
0.960 2.681E+02
0.970 2.661E+02
0.980 2.643E+02
0.990 2.624E+02
1.000 2.606E+02
1.100 2.438E+02
1.200 2.293E+02
1.300 2.166E+02
1.400 2.055E+02
1.500 1.955E+02
1.600 1.866E+02
1.700 1.786E+02
1.800 1.712E+02
1.900 1.646E+02
2.000 1.585E+02
2.100 1.529E+02
2.200 1.477E+02
2.300 1.429E+02
2.400 1.385E+02
2.500 1.343E+02
2.600 1.304E+02
2.700 1.268E+02
2.800 1.233E+02
2.900 1.201E+02
3.000 1.171E+02
3.100 1.142E+02
3.200 1.115E+02
3.300 1.089E+02
3.400 1.065E+02
3.500 1.041E+02
3.600 1.019E+02
3.700 9.979E+01
3.800 9.776E+01
3.900 9.583E+01
4.000 9.398E+01
4.100 9.221E+01
4.200 9.051E+01
4.300 8.888E+01
4.400 8.731E+01
4.500 8.580E+01
4.600 8.435E+01
4.700 8.296E+01
4.800 8.161E+01
4.900 8.031E+01
5.000 7.906E+01
5.100 7.784E+01
5.200 7.667E+01
5.300 7.554E+01
5.400 7.445E+01
5.500 7.339E+01
5.600 7.236E+01
5.700 7.136E+01
5.800 7.039E+01
5.900 6.945E+01
6.000 6.854E+01
6.100 6.765E+01
6.200 6.679E+01
6.300 6.595E+01
6.400 6.514E+01
6.500 6.434E+01
6.600 6.357E+01
6.700 6.282E+01
6.800 6.209E+01
6.900 6.137E+01
7.000 6.068E+01
7.100 6.000E+01
7.200 5.933E+01
7.300 5.869E+01
7.400 5.806E+01
7.500 5.744E+01
7.600 5.684E+01
7.700 5.625E+01
7.800 5.568E+01
7.900 5.511E+01
8.000 5.456E+01
8.100 5.403E+01
8.200 5.350E+01
8.300 5.299E+01
8.400 5.248E+01
8.500 5.199E+01
8.600 5.150E+01
8.700 5.103E+01
8.800 5.057E+01
8.900 5.011E+01
9.000 4.966E+01
9.100 4.923E+01
9.200 4.880E+01
9.300 4.838E+01
9.400 4.796E+01
9.500 4.756E+01
9.600 4.716E+01
9.700 4.677E+01
9.800 4.639E+01
9.900 4.601E+01
10.000 4.564E+01
11.000 4.227E+01
12.000 3.941E+01
13.000 3.694E+01
14.000 3.479E+01
15.000 3.290E+01
16.000 3.122E+01
17.000 2.973E+01
18.000 2.838E+01
19.000 2.716E+01
20.000 2.605E+01
21.000 2.504E+01
22.000 2.411E+01
23.000 2.326E+01
24.000 2.247E+01
25.000 2.174E+01
26.000 2.106E+01
27.000 2.042E+01
28.000 1.983E+01
29.000 1.927E+01
30.000 1.875E+01
31.000 1.826E+01
32.000 1.780E+01
33.000 1.736E+01
34.000 1.695E+01
35.000 1.656E+01
36.000 1.618E+01
37.000 1.583E+01
38.000 1.549E+01
39.000 1.517E+01
40.000 1.487E+01
41.000 1.458E+01
42.000 1.430E+01
43.000 1.403E+01
44.000 1.378E+01
45.000 1.353E+01
46.000 1.330E+01
47.000 1.307E+01
48.000 1.285E+01
49.000 1.264E+01
50.000 1.244E+01
51.000 1.225E+01
52.000 1.206E+01
53.000 1.188E+01
54.000 1.171E+01
55.000 1.154E+01
56.000 1.138E+01
57.000 1.122E+01
58.000 1.107E+01
59.000 1.092E+01
60.000 1.078E+01
61.000 1.064E+01
62.000 1.050E+01
63.000 1.037E+01
64.000 1.024E+01
65.000 1.012E+01
66.000 1.000E+01
67.000 9.885E+00
68.000 9.772E+00
69.000 9.662E+00
70.000 9.555E+00
71.000 9.451E+00
72.000 9.349E+00
73.000 9.250E+00
74.000 9.153E+00
75.000 9.059E+00
76.000 8.967E+00
77.000 8.878E+00
78.000 8.790E+00
79.000 8.705E+00
80.000 8.622E+00
81.000 8.540E+00
82.000 8.461E+00
83.000 8.383E+00
84.000 8.307E+00
85.000 8.233E+00
86.000 8.160E+00
87.000 8.089E+00
88.000 8.019E+00
89.000 7.951E+00
90.000 7.884E+00
91.000 7.819E+00
92.000 7.755E+00
93.000 7.692E+00
94.000 7.631E+00
95.000 7.570E+00
96.000 7.511E+00
97.000 7.453E+00
98.000 7.397E+00
99.000 7.341E+00
100.000 7.286E+00
101.000 7.232E+00
102.000 7.180E+00
103.000 7.128E+00
104.000 7.077E+00
105.000 7.027E+00
106.000 6.978E+00
107.000 6.930E+00
108.000 6.882E+00
109.000 6.836E+00
110.000 6.790E+00
111.000 6.745E+00
112.000 6.701E+00
113.000 6.658E+00
114.000 6.615E+00
115.000 6.573E+00
116.000 6.532E+00
117.000 6.491E+00
118.000 6.451E+00
119.000 6.412E+00
120.000 6.374E+00
121.000 6.336E+00
122.000 6.298E+00
123.000 6.262E+00
124.000 6.225E+00
125.000 6.190E+00
126.000 6.154E+00
127.000 6.120E+00
128.000 6.085E+00
129.000 6.052E+00
130.000 6.018E+00
131.000 5.986E+00
132.000 5.953E+00
133.000 5.922E+00
134.000 5.890E+00
135.000 5.859E+00
136.000 5.829E+00
137.000 5.799E+00
138.000 5.769E+00
139.000 5.740E+00
140.000 5.711E+00
141.000 5.683E+00
142.000 5.654E+00
143.000 5.627E+00
144.000 5.599E+00
145.000 5.572E+00
146.000 5.546E+00
147.000 5.520E+00
148.000 5.494E+00
149.000 5.468E+00
150.000 5.443E+00
151.000 5.418E+00
152.000 5.393E+00
153.000 5.369E+00
154.000 5.345E+00
155.000 5.321E+00
156.000 5.298E+00
157.000 5.274E+00
158.000 5.252E+00
159.000 5.229E+00
160.000 5.207E+00
161.000 5.185E+00
162.000 5.163E+00
163.000 5.141E+00
164.000 5.120E+00
165.000 5.099E+00
166.000 5.078E+00
167.000 5.058E+00
168.000 5.037E+00
169.000 5.017E+00
170.000 4.997E+00
171.000 4.978E+00
172.000 4.958E+00
173.000 4.939E+00
174.000 4.920E+00
175.000 4.901E+00
176.000 4.883E+00
177.000 4.864E+00
178.000 4.846E+00
179.000 4.828E+00
180.000 4.810E+00
181.000 4.793E+00
182.000 4.775E+00
183.000 4.758E+00
184.000 4.741E+00
185.000 4.724E+00
186.000 4.707E+00
187.000 4.691E+00
188.000 4.675E+00
189.000 4.658E+00
190.000 4.642E+00
191.000 4.626E+00
192.000 4.611E+00
193.000 4.595E+00
194.000 4.580E+00
195.000 4.565E+00
196.000 4.549E+00
197.000 4.535E+00
198.000 4.520E+00
199.000 4.505E+00
200.000 4.491E+00
201.000 4.476E+00
202.000 4.462E+00
203.000 4.448E+00
204.000 4.434E+00
205.000 4.420E+00
206.000 4.406E+00
207.000 4.393E+00
208.000 4.379E+00
209.000 4.366E+00
210.000 4.353E+00
211.000 4.340E+00
212.000 4.327E+00
213.000 4.314E+00
214.000 4.301E+00
215.000 4.289E+00
216.000 4.276E+00
217.000 4.264E+00
218.000 4.252E+00
219.000 4.239E+00
220.000 4.227E+00
221.000 4.215E+00
222.000 4.204E+00
223.000 4.192E+00
224.000 4.180E+00
225.000 4.169E+00
226.000 4.157E+00
227.000 4.146E+00
228.000 4.135E+00
229.000 4.123E+00
230.000 4.112E+00
231.000 4.101E+00
232.000 4.091E+00
233.000 4.080E+00
234.000 4.069E+00
235.000 4.059E+00
236.000 4.048E+00
237.000 4.038E+00
238.000 4.027E+00
239.000 4.017E+00
240.000 4.007E+00
241.000 3.997E+00
242.000 3.987E+00
243.000 3.977E+00
244.000 3.967E+00
245.000 3.957E+00
246.000 3.948E+00
247.000 3.938E+00
248.000 3.928E+00
249.000 3.919E+00
250.000 3.910E+00
251.000 3.900E+00
252.000 3.891E+00
253.000 3.882E+00
254.000 3.873E+00
255.000 3.864E+00
256.000 3.855E+00
257.000 3.846E+00
258.000 3.837E+00
259.000 3.828E+00
260.000 3.820E+00
261.000 3.811E+00
262.000 3.802E+00
263.000 3.794E+00
264.000 3.786E+00
265.000 3.777E+00
266.000 3.769E+00
267.000 3.761E+00
268.000 3.752E+00
269.000 3.744E+00
270.000 3.736E+00
271.000 3.728E+00
272.000 3.720E+00
273.000 3.712E+00
274.000 3.705E+00
275.000 3.697E+00
276.000 3.689E+00
277.000 3.681E+00
278.000 3.674E+00
279.000 3.666E+00
280.000 3.659E+00
281.000 3.651E+00
282.000 3.644E+00
283.000 3.637E+00
284.000 3.629E+00
285.000 3.622E+00
286.000 3.615E+00
287.000 3.608E+00
288.000 3.601E+00
289.000 3.594E+00
290.000 3.587E+00
291.000 3.580E+00
292.000 3.573E+00
293.000 3.566E+00
294.000 3.559E+00
295.000 3.552E+00
296.000 3.546E+00
297.000 3.539E+00
298.000 3.532E+00
299.000 3.526E+00
300.000 3.519E+00
301.000 3.513E+00
302.000 3.506E+00
303.000 3.500E+00
304.000 3.494E+00
305.000 3.487E+00
306.000 3.481E+00
307.000 3.475E+00
308.000 3.468E+00
309.000 3.462E+00
310.000 3.456E+00
311.000 3.450E+00
312.000 3.444E+00
313.000 3.438E+00
314.000 3.432E+00
315.000 3.426E+00
316.000 3.420E+00
317.000 3.414E+00
318.000 3.409E+00
319.000 3.403E+00
320.000 3.397E+00
321.000 3.391E+00
322.000 3.386E+00
323.000 3.380E+00
324.000 3.374E+00
325.000 3.369E+00
326.000 3.363E+00
327.000 3.358E+00
328.000 3.352E+00
329.000 3.347E+00
330.000 3.341E+00
331.000 3.336E+00
332.000 3.331E+00
333.000 3.325E+00
334.000 3.320E+00
335.000 3.315E+00
336.000 3.310E+00
337.000 3.305E+00
338.000 3.299E+00
339.000 3.294E+00
340.000 3.289E+00
341.000 3.284E+00
342.000 3.279E+00
343.000 3.274E+00
344.000 3.269E+00
345.000 3.264E+00
346.000 3.259E+00
347.000 3.255E+00
348.000 3.250E+00
349.000 3.245E+00
350.000 3.240E+00
351.000 3.235E+00
352.000 3.231E+00
353.000 3.226E+00
354.000 3.221E+00
355.000 3.217E+00
356.000 3.212E+00
357.000 3.207E+00
358.000 3.203E+00
359.000 3.198E+00
360.000 3.194E+00
361.000 3.189E+00
362.000 3.185E+00
363.000 3.180E+00
364.000 3.176E+00
365.000 3.171E+00
366.000 3.167E+00
367.000 3.163E+00
368.000 3.158E+00
369.000 3.154E+00
370.000 3.150E+00
371.000 3.145E+00
372.000 3.141E+00
373.000 3.137E+00
374.000 3.133E+00
375.000 3.129E+00
376.000 3.125E+00
377.000 3.120E+00
378.000 3.116E+00
379.000 3.112E+00
380.000 3.108E+00
381.000 3.104E+00
382.000 3.100E+00
383.000 3.096E+00
384.000 3.092E+00
385.000 3.088E+00
386.000 3.084E+00
387.000 3.080E+00
388.000 3.077E+00
389.000 3.073E+00
390.000 3.069E+00
391.000 3.065E+00
392.000 3.061E+00
393.000 3.057E+00
394.000 3.054E+00
395.000 3.050E+00
396.000 3.046E+00
397.000 3.042E+00
398.000 3.039E+00
399.000 3.035E+00
400.000 3.031E+00
401.000 3.028E+00
402.000 3.024E+00
403.000 3.021E+00
404.000 3.017E+00
405.000 3.013E+00
406.000 3.010E+00
407.000 3.006E+00
408.000 3.003E+00
409.000 2.999E+00
410.000 2.996E+00
411.000 2.993E+00
412.000 2.989E+00
413.000 2.986E+00
414.000 2.982E+00
415.000 2.979E+00
416.000 2.976E+00
417.000 2.972E+00
418.000 2.969E+00
419.000 2.966E+00
420.000 2.962E+00
421.000 2.959E+00
422.000 2.956E+00
423.000 2.952E+00
424.000 2.949E+00
425.000 2.946E+00
426.000 2.943E+00
427.000 2.940E+00
428.000 2.936E+00
429.000 2.933E+00
430.000 2.930E+00
431.000 2.927E+00
432.000 2.924E+00
433.000 2.921E+00
434.000 2.918E+00
435.000 2.915E+00
436.000 2.912E+00
437.000 2.909E+00
438.000 2.905E+00
439.000 2.902E+00
440.000 2.899E+00
441.000 2.897E+00
442.000 2.894E+00
443.000 2.891E+00
444.000 2.888E+00
445.000 2.885E+00
446.000 2.882E+00
447.000 2.879E+00
448.000 2.876E+00
449.000 2.873E+00
450.000 2.870E+00
451.000 2.867E+00
452.000 2.865E+00
453.000 2.862E+00
454.000 2.859E+00
455.000 2.856E+00
456.000 2.853E+00
457.000 2.851E+00
458.000 2.848E+00
459.000 2.845E+00
460.000 2.842E+00
461.000 2.840E+00
462.000 2.837E+00
463.000 2.834E+00
464.000 2.832E+00
465.000 2.829E+00
466.000 2.826E+00
467.000 2.824E+00
468.000 2.821E+00
469.000 2.818E+00
470.000 2.816E+00
471.000 2.813E+00
472.000 2.811E+00
473.000 2.808E+00
474.000 2.805E+00
475.000 2.803E+00
476.000 2.800E+00
477.000 2.798E+00
478.000 2.795E+00
479.000 2.793E+00
480.000 2.790E+00
481.000 2.788E+00
482.000 2.785E+00
483.000 2.783E+00
484.000 2.780E+00
485.000 2.778E+00
486.000 2.776E+00
487.000 2.773E+00
488.000 2.771E+00
489.000 2.768E+00
490.000 2.766E+00
491.000 2.764E+00
492.000 2.761E+00
493.000 2.759E+00
494.000 2.757E+00
495.000 2.754E+00
496.000 2.752E+00
497.000 2.750E+00
498.000 2.747E+00
499.000 2.745E+00
500.000 2.743E+00
501.000 2.740E+00
502.000 2.738E+00
503.000 2.736E+00
504.000 2.734E+00
505.000 2.731E+00
506.000 2.729E+00
507.000 2.727E+00
508.000 2.725E+00
509.000 2.723E+00
510.000 2.720E+00
511.000 2.718E+00
512.000 2.716E+00
513.000 2.714E+00
514.000 2.712E+00
515.000 2.710E+00
516.000 2.707E+00
517.000 2.705E+00
518.000 2.703E+00
519.000 2.701E+00
520.000 2.699E+00
521.000 2.697E+00
522.000 2.695E+00
523.000 2.693E+00
524.000 2.691E+00
525.000 2.689E+00
526.000 2.686E+00
527.000 2.684E+00
528.000 2.682E+00
529.000 2.680E+00
530.000 2.678E+00
531.000 2.676E+00
532.000 2.674E+00
533.000 2.672E+00
534.000 2.670E+00
535.000 2.668E+00
536.000 2.666E+00
537.000 2.664E+00
538.000 2.662E+00
539.000 2.661E+00
540.000 2.659E+00
541.000 2.657E+00
542.000 2.655E+00
543.000 2.653E+00
544.000 2.651E+00
545.000 2.649E+00
546.000 2.647E+00
547.000 2.645E+00
548.000 2.643E+00
549.000 2.641E+00
550.000 2.640E+00
551.000 2.638E+00
552.000 2.636E+00
553.000 2.634E+00
554.000 2.632E+00
555.000 2.630E+00
556.000 2.629E+00
557.000 2.627E+00
558.000 2.625E+00
559.000 2.623E+00
560.000 2.621E+00
561.000 2.620E+00
562.000 2.618E+00
563.000 2.616E+00
564.000 2.614E+00
565.000 2.613E+00
566.000 2.611E+00
567.000 2.609E+00
568.000 2.607E+00
569.000 2.606E+00
570.000 2.604E+00
571.000 2.602E+00
572.000 2.600E+00
573.000 2.599E+00
574.000 2.597E+00
575.000 2.595E+00
576.000 2.594E+00
577.000 2.592E+00
578.000 2.590E+00
579.000 2.589E+00
580.000 2.587E+00
581.000 2.585E+00
582.000 2.584E+00
583.000 2.582E+00
584.000 2.580E+00
585.000 2.579E+00
586.000 2.577E+00
587.000 2.576E+00
588.000 2.574E+00
589.000 2.572E+00
590.000 2.571E+00
591.000 2.569E+00
592.000 2.568E+00
593.000 2.566E+00
594.000 2.564E+00
595.000 2.563E+00
596.000 2.561E+00
597.000 2.560E+00
598.000 2.558E+00
599.000 2.557E+00
600.000 2.555E+00
601.000 2.554E+00
602.000 2.552E+00
603.000 2.550E+00
604.000 2.549E+00
605.000 2.547E+00
606.000 2.546E+00
607.000 2.544E+00
608.000 2.543E+00
609.000 2.541E+00
610.000 2.540E+00
611.000 2.538E+00
612.000 2.537E+00
613.000 2.536E+00
614.000 2.534E+00
615.000 2.533E+00
616.000 2.531E+00
617.000 2.530E+00
618.000 2.528E+00
619.000 2.527E+00
620.000 2.525E+00
621.000 2.524E+00
622.000 2.523E+00
623.000 2.521E+00
624.000 2.520E+00
625.000 2.518E+00
626.000 2.517E+00
627.000 2.516E+00
628.000 2.514E+00
629.000 2.513E+00
630.000 2.511E+00
631.000 2.510E+00
632.000 2.509E+00
633.000 2.507E+00
634.000 2.506E+00
635.000 2.505E+00
636.000 2.503E+00
637.000 2.502E+00
638.000 2.500E+00
639.000 2.499E+00
640.000 2.498E+00
641.000 2.496E+00
642.000 2.495E+00
643.000 2.494E+00
644.000 2.493E+00
645.000 2.491E+00
646.000 2.490E+00
647.000 2.489E+00
648.000 2.487E+00
649.000 2.486E+00
650.000 2.485E+00
651.000 2.483E+00
652.000 2.482E+00
653.000 2.481E+00
654.000 2.480E+00
655.000 2.478E+00
656.000 2.477E+00
657.000 2.476E+00
658.000 2.475E+00
659.000 2.473E+00
660.000 2.472E+00
661.000 2.471E+00
662.000 2.470E+00
663.000 2.468E+00
664.000 2.467E+00
665.000 2.466E+00
666.000 2.465E+00
667.000 2.463E+00
668.000 2.462E+00
669.000 2.461E+00
670.000 2.460E+00
671.000 2.459E+00
672.000 2.457E+00
673.000 2.456E+00
674.000 2.455E+00
675.000 2.454E+00
676.000 2.453E+00
677.000 2.452E+00
678.000 2.450E+00
679.000 2.449E+00
680.000 2.448E+00
681.000 2.447E+00
682.000 2.446E+00
683.000 2.445E+00
684.000 2.443E+00
685.000 2.442E+00
686.000 2.441E+00
687.000 2.440E+00
688.000 2.439E+00
689.000 2.438E+00
690.000 2.437E+00
691.000 2.436E+00
692.000 2.434E+00
693.000 2.433E+00
694.000 2.432E+00
695.000 2.431E+00
696.000 2.430E+00
697.000 2.429E+00
698.000 2.428E+00
699.000 2.427E+00
700.000 2.426E+00
701.000 2.425E+00
702.000 2.423E+00
703.000 2.422E+00
704.000 2.421E+00
705.000 2.420E+00
706.000 2.419E+00
707.000 2.418E+00
708.000 2.417E+00
709.000 2.416E+00
710.000 2.415E+00
711.000 2.414E+00
712.000 2.413E+00
713.000 2.412E+00
714.000 2.411E+00
715.000 2.410E+00
716.000 2.409E+00
717.000 2.408E+00
718.000 2.407E+00
719.000 2.406E+00
720.000 2.405E+00
721.000 2.404E+00
722.000 2.403E+00
723.000 2.402E+00
724.000 2.401E+00
725.000 2.400E+00
726.000 2.399E+00
727.000 2.398E+00
728.000 2.397E+00
729.000 2.396E+00
730.000 2.395E+00
731.000 2.394E+00
732.000 2.393E+00
733.000 2.392E+00
734.000 2.391E+00
735.000 2.390E+00
736.000 2.389E+00
737.000 2.388E+00
738.000 2.387E+00
739.000 2.386E+00
740.000 2.385E+00
741.000 2.384E+00
742.000 2.383E+00
743.000 2.382E+00
744.000 2.381E+00
745.000 2.380E+00
746.000 2.379E+00
747.000 2.378E+00
748.000 2.377E+00
749.000 2.376E+00
750.000 2.375E+00
751.000 2.375E+00
752.000 2.374E+00
753.000 2.373E+00
754.000 2.372E+00
755.000 2.371E+00
756.000 2.370E+00
757.000 2.369E+00
758.000 2.368E+00
759.000 2.367E+00
760.000 2.366E+00
761.000 2.365E+00
762.000 2.365E+00
763.000 2.364E+00
764.000 2.363E+00
765.000 2.362E+00
766.000 2.361E+00
767.000 2.360E+00
768.000 2.359E+00
769.000 2.358E+00
770.000 2.358E+00
771.000 2.357E+00
772.000 2.356E+00
773.000 2.355E+00
774.000 2.354E+00
775.000 2.353E+00
776.000 2.352E+00
777.000 2.351E+00
778.000 2.351E+00
779.000 2.350E+00
780.000 2.349E+00
781.000 2.348E+00
782.000 2.347E+00
783.000 2.346E+00
784.000 2.346E+00
785.000 2.345E+00
786.000 2.344E+00
787.000 2.343E+00
788.000 2.342E+00
789.000 2.341E+00
790.000 2.341E+00
791.000 2.340E+00
792.000 2.339E+00
793.000 2.338E+00
794.000 2.337E+00
795.000 2.337E+00
796.000 2.336E+00
797.000 2.335E+00
798.000 2.334E+00
799.000 2.333E+00
800.000 2.333E+00
801.000 2.332E+00
802.000 2.331E+00
803.000 2.330E+00
804.000 2.329E+00
805.000 2.329E+00
806.000 2.328E+00
807.000 2.327E+00
808.000 2.326E+00
809.000 2.326E+00
810.000 2.325E+00
811.000 2.324E+00
812.000 2.323E+00
813.000 2.322E+00
814.000 2.322E+00
815.000 2.321E+00
816.000 2.320E+00
817.000 2.319E+00
818.000 2.319E+00
819.000 2.318E+00
820.000 2.317E+00
821.000 2.316E+00
822.000 2.316E+00
823.000 2.315E+00
824.000 2.314E+00
825.000 2.313E+00
826.000 2.313E+00
827.000 2.312E+00
828.000 2.311E+00
829.000 2.311E+00
830.000 2.310E+00
831.000 2.309E+00
832.000 2.308E+00
833.000 2.308E+00
834.000 2.307E+00
835.000 2.306E+00
836.000 2.306E+00
837.000 2.305E+00
838.000 2.304E+00
839.000 2.303E+00
840.000 2.303E+00
841.000 2.302E+00
842.000 2.301E+00
843.000 2.301E+00
844.000 2.300E+00
845.000 2.299E+00
846.000 2.298E+00
847.000 2.298E+00
848.000 2.297E+00
849.000 2.296E+00
850.000 2.296E+00
851.000 2.295E+00
852.000 2.294E+00
853.000 2.294E+00
854.000 2.293E+00
855.000 2.292E+00
856.000 2.292E+00
857.000 2.291E+00
858.000 2.290E+00
859.000 2.290E+00
860.000 2.289E+00
861.000 2.288E+00
862.000 2.288E+00
863.000 2.287E+00
864.000 2.286E+00
865.000 2.286E+00
866.000 2.285E+00
867.000 2.284E+00
868.000 2.284E+00
869.000 2.283E+00
870.000 2.282E+00
871.000 2.282E+00
872.000 2.281E+00
873.000 2.280E+00
874.000 2.280E+00
875.000 2.279E+00
876.000 2.279E+00
877.000 2.278E+00
878.000 2.277E+00
879.000 2.277E+00
880.000 2.276E+00
881.000 2.275E+00
882.000 2.275E+00
883.000 2.274E+00
884.000 2.274E+00
885.000 2.273E+00
886.000 2.272E+00
887.000 2.272E+00
888.000 2.271E+00
889.000 2.270E+00
890.000 2.270E+00
891.000 2.269E+00
892.000 2.269E+00
893.000 2.268E+00
894.000 2.267E+00
895.000 2.267E+00
896.000 2.266E+00
897.000 2.266E+00
898.000 2.265E+00
899.000 2.264E+00
900.000 2.264E+00
901.000 2.263E+00
902.000 2.263E+00
903.000 2.262E+00
904.000 2.261E+00
905.000 2.261E+00
906.000 2.260E+00
907.000 2.260E+00
908.000 2.259E+00
909.000 2.259E+00
910.000 2.258E+00
911.000 2.257E+00
912.000 2.257E+00
913.000 2.256E+00
914.000 2.256E+00
915.000 2.255E+00
916.000 2.255E+00
917.000 2.254E+00
918.000 2.253E+00
919.000 2.253E+00
920.000 2.252E+00
921.000 2.252E+00
922.000 2.251E+00
923.000 2.251E+00
924.000 2.250E+00
925.000 2.249E+00
926.000 2.249E+00
927.000 2.248E+00
928.000 2.248E+00
929.000 2.247E+00
930.000 2.247E+00
931.000 2.246E+00
932.000 2.246E+00
933.000 2.245E+00
934.000 2.245E+00
935.000 2.244E+00
936.000 2.243E+00
937.000 2.243E+00
938.000 2.242E+00
939.000 2.242E+00
940.000 2.241E+00
941.000 2.241E+00
942.000 2.240E+00
943.000 2.240E+00
944.000 2.239E+00
945.000 2.239E+00
946.000 2.238E+00
947.000 2.238E+00
948.000 2.237E+00
949.000 2.237E+00
950.000 2.236E+00
951.000 2.235E+00
952.000 2.235E+00
953.000 2.234E+00
954.000 2.234E+00
955.000 2.233E+00
956.000 2.233E+00
957.000 2.232E+00
958.000 2.232E+00
959.000 2.231E+00
960.000 2.231E+00
961.000 2.230E+00
962.000 2.230E+00
963.000 2.229E+00
964.000 2.229E+00
965.000 2.228E+00
966.000 2.228E+00
967.000 2.227E+00
968.000 2.227E+00
969.000 2.226E+00
970.000 2.226E+00
971.000 2.225E+00
972.000 2.225E+00
973.000 2.224E+00
974.000 2.224E+00
975.000 2.223E+00
976.000 2.223E+00
977.000 2.222E+00
978.000 2.222E+00
979.000 2.221E+00
980.000 2.221E+00
981.000 2.220E+00
982.000 2.220E+00
983.000 2.219E+00
984.000 2.219E+00
985.000 2.218E+00
986.000 2.218E+00
987.000 2.217E+00
988.000 2.217E+00
989.000 2.216E+00
990.000 2.216E+00
991.000 2.215E+00
992.000 2.215E+00
993.000 2.214E+00
994.000 2.214E+00
995.000 2.213E+00
996.000 2.213E+00
997.000 2.212E+00
998.000 2.212E+00
999.000 2.211E+00
