0.010 7.030E+02
0.020 1.009E+03
0.030 1.240E+03
0.040 1.426E+03
0.050 1.582E+03
0.060 1.713E+03
0.070 1.824E+03
0.080 1.918E+03
0.090 1.997E+03
0.100 2.062E+03
0.110 2.116E+03
0.120 2.160E+03
0.130 2.194E+03
0.140 2.221E+03
0.150 2.240E+03
0.160 2.253E+03
0.170 2.260E+03
0.180 2.263E+03
0.190 2.261E+03
0.200 2.256E+03
0.210 2.248E+03
0.220 2.236E+03
0.230 2.223E+03
0.240 2.207E+03
0.250 2.190E+03
0.260 2.171E+03
0.270 2.151E+03
0.280 2.128E+03
0.290 2.105E+03
0.300 2.081E+03
0.310 2.056E+03
0.320 2.031E+03
0.330 2.007E+03
0.340 1.982E+03
0.350 1.957E+03
0.360 1.933E+03
0.370 1.908E+03
0.380 1.884E+03
0.390 1.860E+03
0.400 1.837E+03
0.410 1.814E+03
0.420 1.791E+03
0.430 1.769E+03
0.440 1.747E+03
0.450 1.725E+03
0.460 1.704E+03
0.470 1.683E+03
0.480 1.663E+03
0.490 1.643E+03
0.500 1.624E+03
0.510 1.605E+03
0.520 1.586E+03
0.530 1.568E+03
0.540 1.550E+03
0.550 1.532E+03
0.560 1.515E+03
0.570 1.498E+03
0.580 1.482E+03
0.590 1.466E+03
0.600 1.451E+03
0.610 1.436E+03
0.620 1.421E+03
0.630 1.407E+03
0.640 1.392E+03
0.650 1.379E+03
0.660 1.365E+03
0.670 1.352E+03
0.680 1.339E+03
0.690 1.326E+03
0.700 1.314E+03
0.710 1.302E+03
0.720 1.290E+03
0.730 1.278E+03
0.740 1.267E+03
0.750 1.255E+03
0.760 1.244E+03
0.770 1.234E+03
0.780 1.223E+03
0.790 1.213E+03
0.800 1.203E+03
0.810 1.193E+03
0.820 1.183E+03
0.830 1.173E+03
0.840 1.164E+03
0.850 1.155E+03
0.860 1.146E+03
0.870 1.137E+03
0.880 1.128E+03
0.890 1.119E+03
0.900 1.111E+03
0.910 1.103E+03
0.920 1.094E+03
0.930 1.086E+03
0.940 1.079E+03
0.950 1.071E+03
0.960 1.063E+03
0.970 1.056E+03
0.980 1.048E+03
0.990 1.041E+03
1.000 1.034E+03
1.100 9.677E+02
1.200 9.106E+02
1.300 8.605E+02
1.400 8.163E+02
1.500 7.771E+02
1.600 7.417E+02
1.700 7.097E+02
1.800 6.807E+02
1.900 6.543E+02
2.000 6.301E+02
2.100 6.078E+02
2.200 5.873E+02
2.300 5.682E+02
2.400 5.505E+02
2.500 5.340E+02
2.600 5.185E+02
2.700 5.040E+02
2.800 4.904E+02
2.900 4.776E+02
3.000 4.655E+02
3.100 4.541E+02
3.200 4.433E+02
3.300 4.331E+02
3.400 4.233E+02
3.500 4.140E+02
3.600 4.052E+02
3.700 3.968E+02
3.800 3.887E+02
3.900 3.810E+02
4.000 3.737E+02
4.100 3.666E+02
4.200 3.599E+02
4.300 3.534E+02
4.400 3.472E+02
4.500 3.412E+02
4.600 3.354E+02
4.700 3.299E+02
4.800 3.245E+02
4.900 3.193E+02
5.000 3.144E+02
5.100 3.095E+02
5.200 3.049E+02
5.300 3.004E+02
5.400 2.960E+02
5.500 2.918E+02
5.600 2.877E+02
5.700 2.838E+02
5.800 2.799E+02
5.900 2.762E+02
6.000 2.725E+02
6.100 2.690E+02
6.200 2.656E+02
6.300 2.623E+02
6.400 2.590E+02
6.500 2.559E+02
6.600 2.528E+02
6.700 2.498E+02
6.800 2.469E+02
6.900 2.441E+02
7.000 2.413E+02
7.100 2.386E+02
7.200 2.359E+02
7.300 2.334E+02
7.400 2.309E+02
7.500 2.284E+02
7.600 2.260E+02
7.700 2.237E+02
7.800 2.214E+02
7.900 2.192E+02
8.000 2.170E+02
8.100 2.148E+02
8.200 2.127E+02
8.300 2.107E+02
8.400 2.087E+02
8.500 2.067E+02
8.600 2.048E+02
8.700 2.029E+02
8.800 2.011E+02
8.900 1.993E+02
9.000 1.975E+02
9.100 1.958E+02
9.200 1.940E+02
9.300 1.924E+02
9.400 1.907E+02
9.500 1.891E+02
9.600 1.875E+02
9.700 1.860E+02
9.800 1.845E+02
9.900 1.830E+02
10.000 1.815E+02
11.000 1.681E+02
12.000 1.567E+02
13.000 1.469E+02
14.000 1.384E+02
15.000 1.308E+02
16.000 1.242E+02
17.000 1.182E+02
18.000 1.129E+02
19.000 1.080E+02
20.000 1.036E+02
21.000 9.959E+01
22.000 9.590E+01
23.000 9.250E+01
24.000 8.936E+01
25.000 8.645E+01
26.000 8.373E+01
27.000 8.121E+01
28.000 7.885E+01
29.000 7.664E+01
30.000 7.457E+01
31.000 7.262E+01
32.000 7.079E+01
33.000 6.905E+01
34.000 6.740E+01
35.000 6.585E+01
36.000 6.437E+01
37.000 6.297E+01
38.000 6.163E+01
39.000 6.036E+01
40.000 5.914E+01
41.000 5.798E+01
42.000 5.688E+01
43.000 5.582E+01
44.000 5.480E+01
45.000 5.383E+01
46.000 5.289E+01
47.000 5.199E+01
48.000 5.113E+01
49.000 5.030E+01
50.000 4.950E+01
51.000 4.873E+01
52.000 4.798E+01
53.000 4.726E+01
54.000 4.657E+01
55.000 4.590E+01
56.000 4.525E+01
57.000 4.463E+01
58.000 4.402E+01
59.000 4.343E+01
60.000 4.287E+01
61.000 4.231E+01
62.000 4.178E+01
63.000 4.126E+01
64.000 4.076E+01
65.000 4.027E+01
66.000 3.979E+01
67.000 3.933E+01
68.000 3.888E+01
69.000 3.844E+01
70.000 3.801E+01
71.000 3.760E+01
72.000 3.720E+01
73.000 3.680E+01
74.000 3.642E+01
75.000 3.604E+01
76.000 3.568E+01
77.000 3.532E+01
78.000 3.497E+01
79.000 3.464E+01
80.000 3.430E+01
81.000 3.398E+01
82.000 3.366E+01
83.000 3.335E+01
84.000 3.305E+01
85.000 3.276E+01
86.000 3.247E+01
87.000 3.219E+01
88.000 3.191E+01
89.000 3.164E+01
90.000 3.137E+01
91.000 3.111E+01
92.000 3.086E+01
93.000 3.061E+01
94.000 3.036E+01
95.000 3.013E+01
96.000 2.989E+01
97.000 2.966E+01
98.000 2.943E+01
99.000 2.921E+01
100.000 2.900E+01
101.000 2.878E+01
102.000 2.857E+01
103.000 2.837E+01
104.000 2.816E+01
105.000 2.797E+01
106.000 2.777E+01
107.000 2.758E+01
108.000 2.739E+01
109.000 2.721E+01
110.000 2.703E+01
111.000 2.685E+01
112.000 2.667E+01
113.000 2.650E+01
114.000 2.633E+01
115.000 2.616E+01
116.000 2.600E+01
117.000 2.584E+01
118.000 2.568E+01
119.000 2.552E+01
120.000 2.537E+01
121.000 2.522E+01
122.000 2.507E+01
123.000 2.492E+01
124.000 2.478E+01
125.000 2.464E+01
126.000 2.450E+01
127.000 2.436E+01
128.000 2.422E+01
129.000 2.409E+01
130.000 2.396E+01
131.000 2.383E+01
132.000 2.370E+01
133.000 2.357E+01
134.000 2.345E+01
135.000 2.332E+01
136.000 2.320E+01
137.000 2.308E+01
138.000 2.296E+01
139.000 2.285E+01
140.000 2.273E+01
141.000 2.262E+01
142.000 2.251E+01
143.000 2.240E+01
144.000 2.229E+01
145.000 2.218E+01
146.000 2.208E+01
147.000 2.197E+01
148.000 2.187E+01
149.000 2.177E+01
150.000 2.167E+01
151.000 2.157E+01
152.000 2.147E+01
153.000 2.137E+01
154.000 2.128E+01
155.000 2.118E+01
156.000 2.109E+01
157.000 2.100E+01
158.000 2.091E+01
159.000 2.082E+01
160.000 2.073E+01
161.000 2.064E+01
162.000 2.056E+01
163.000 2.047E+01
164.000 2.039E+01
165.000 2.030E+01
166.000 2.022E+01
167.000 2.014E+01
168.000 2.006E+01
169.000 1.998E+01
170.000 1.990E+01
171.000 1.982E+01
172.000 1.974E+01
173.000 1.967E+01
174.000 1.959E+01
175.000 1.952E+01
176.000 1.944E+01
177.000 1.937E+01
178.000 1.930E+01
179.000 1.922E+01
180.000 1.915E+01
181.000 1.908E+01
182.000 1.901E+01
183.000 1.895E+01
184.000 1.888E+01
185.000 1.881E+01
186.000 1.875E+01
187.000 1.868E+01
188.000 1.861E+01
189.000 1.855E+01
190.000 1.849E+01
191.000 1.842E+01
192.000 1.836E+01
193.000 1.830E+01
194.000 1.824E+01
195.000 1.818E+01
196.000 1.812E+01
197.000 1.806E+01
198.000 1.800E+01
199.000 1.794E+01
200.000 1.788E+01
201.000 1.783E+01
202.000 1.777E+01
203.000 1.771E+01
204.000 1.766E+01
205.000 1.760E+01
206.000 1.755E+01
207.000 1.749E+01
208.000 1.744E+01
209.000 1.739E+01
210.000 1.734E+01
211.000 1.728E+01
212.000 1.723E+01
213.000 1.718E+01
214.000 1.713E+01
215.000 1.708E+01
216.000 1.703E+01
217.000 1.698E+01
218.000 1.693E+01
219.000 1.688E+01
220.000 1.684E+01
221.000 1.679E+01
222.000 1.674E+01
223.000 1.670E+01
224.000 1.665E+01
225.000 1.660E+01
226.000 1.656E+01
227.000 1.651E+01
228.000 1.647E+01
229.000 1.642E+01
230.000 1.638E+01
231.000 1.634E+01
232.000 1.629E+01
233.000 1.625E+01
234.000 1.621E+01
235.000 1.617E+01
236.000 1.612E+01
237.000 1.608E+01
238.000 1.604E+01
239.000 1.600E+01
240.000 1.596E+01
241.000 1.592E+01
242.000 1.588E+01
243.000 1.584E+01
244.000 1.580E+01
245.000 1.576E+01
246.000 1.573E+01
247.000 1.569E+01
248.000 1.565E+01
249.000 1.561E+01
250.000 1.557E+01
251.000 1.554E+01
252.000 1.550E+01
253.000 1.546E+01
254.000 1.543E+01
255.000 1.539E+01
256.000 1.536E+01
257.000 1.532E+01
258.000 1.529E+01
259.000 1.525E+01
260.000 1.522E+01
261.000 1.518E+01
262.000 1.515E+01
263.000 1.511E+01
264.000 1.508E+01
265.000 1.505E+01
266.000 1.501E+01
267.000 1.498E+01
268.000 1.495E+01
269.000 1.492E+01
270.000 1.488E+01
271.000 1.485E+01
272.000 1.482E+01
273.000 1.479E+01
274.000 1.476E+01
275.000 1.473E+01
276.000 1.470E+01
277.000 1.467E+01
278.000 1.464E+01
279.000 1.461E+01
280.000 1.458E+01
281.000 1.455E+01
282.000 1.452E+01
283.000 1.449E+01
284.000 1.446E+01
285.000 1.443E+01
286.000 1.440E+01
287.000 1.437E+01
288.000 1.435E+01
289.000 1.432E+01
290.000 1.429E+01
291.000 1.426E+01
292.000 1.423E+01
293.000 1.421E+01
294.000 1.418E+01
295.000 1.415E+01
296.000 1.413E+01
297.000 1.410E+01
298.000 1.407E+01
299.000 1.405E+01
300.000 1.402E+01
301.000 1.400E+01
302.000 1.397E+01
303.000 1.395E+01
304.000 1.392E+01
305.000 1.390E+01
306.000 1.387E+01
307.000 1.385E+01
308.000 1.382E+01
309.000 1.380E+01
310.000 1.377E+01
311.000 1.375E+01
312.000 1.372E+01
313.000 1.370E+01
314.000 1.368E+01
315.000 1.365E+01
316.000 1.363E+01
317.000 1.361E+01
318.000 1.358E+01
319.000 1.356E+01
320.000 1.354E+01
321.000 1.352E+01
322.000 1.349E+01
323.000 1.347E+01
324.000 1.345E+01
325.000 1.343E+01
326.000 1.340E+01
327.000 1.338E+01
328.000 1.336E+01
329.000 1.334E+01
330.000 1.332E+01
331.000 1.330E+01
332.000 1.328E+01
333.000 1.325E+01
334.000 1.323E+01
335.000 1.321E+01
336.000 1.319E+01
337.000 1.317E+01
338.000 1.315E+01
339.000 1.313E+01
340.000 1.311E+01
341.000 1.309E+01
342.000 1.307E+01
343.000 1.305E+01
344.000 1.303E+01
345.000 1.301E+01
346.000 1.299E+01
347.000 1.297E+01
348.000 1.295E+01
349.000 1.293E+01
350.000 1.291E+01
351.000 1.290E+01
352.000 1.288E+01
353.000 1.286E+01
354.000 1.284E+01
355.000 1.282E+01
356.000 1.280E+01
357.000 1.278E+01
358.000 1.277E+01
359.000 1.275E+01
360.000 1.273E+01
361.000 1.271E+01
362.000 1.269E+01
363.000 1.268E+01
364.000 1.266E+01
365.000 1.264E+01
366.000 1.262E+01
367.000 1.261E+01
368.000 1.259E+01
369.000 1.257E+01
370.000 1.256E+01
371.000 1.254E+01
372.000 1.252E+01
373.000 1.251E+01
374.000 1.249E+01
375.000 1.247E+01
376.000 1.246E+01
377.000 1.244E+01
378.000 1.242E+01
379.000 1.241E+01
380.000 1.239E+01
381.000 1.237E+01
382.000 1.236E+01
383.000 1.234E+01
384.000 1.233E+01
385.000 1.231E+01
386.000 1.230E+01
387.000 1.228E+01
388.000 1.226E+01
389.000 1.225E+01
390.000 1.223E+01
391.000 1.222E+01
392.000 1.220E+01
393.000 1.219E+01
394.000 1.217E+01
395.000 1.216E+01
396.000 1.214E+01
397.000 1.213E+01
398.000 1.211E+01
399.000 1.210E+01
400.000 1.209E+01
401.000 1.207E+01
402.000 1.206E+01
403.000 1.204E+01
404.000 1.203E+01
405.000 1.201E+01
406.000 1.200E+01
407.000 1.199E+01
408.000 1.197E+01
409.000 1.196E+01
410.000 1.194E+01
411.000 1.193E+01
412.000 1.192E+01
413.000 1.190E+01
414.000 1.189E+01
415.000 1.188E+01
416.000 1.186E+01
417.000 1.185E+01
418.000 1.184E+01
419.000 1.182E+01
420.000 1.181E+01
421.000 1.180E+01
422.000 1.178E+01
423.000 1.177E+01
424.000 1.176E+01
425.000 1.175E+01
426.000 1.173E+01
427.000 1.172E+01
428.000 1.171E+01
429.000 1.170E+01
430.000 1.168E+01
431.000 1.167E+01
432.000 1.166E+01
433.000 1.165E+01
434.000 1.163E+01
435.000 1.162E+01
436.000 1.161E+01
437.000 1.160E+01
438.000 1.159E+01
439.000 1.157E+01
440.000 1.156E+01
441.000 1.155E+01
442.000 1.154E+01
443.000 1.153E+01
444.000 1.152E+01
445.000 1.150E+01
446.000 1.149E+01
447.000 1.148E+01
448.000 1.147E+01
449.000 1.146E+01
450.000 1.145E+01
451.000 1.144E+01
452.000 1.142E+01
453.000 1.141E+01
454.000 1.140E+01
455.000 1.139E+01
456.000 1.138E+01
457.000 1.137E+01
458.000 1.136E+01
459.000 1.135E+01
460.000 1.134E+01
461.000 1.132E+01
462.000 1.131E+01
463.000 1.130E+01
464.000 1.129E+01
465.000 1.128E+01
466.000 1.127E+01
467.000 1.126E+01
468.000 1.125E+01
469.000 1.124E+01
470.000 1.123E+01
471.000 1.122E+01
472.000 1.121E+01
473.000 1.120E+01
474.000 1.119E+01
475.000 1.118E+01
476.000 1.117E+01
477.000 1.116E+01
478.000 1.115E+01
479.000 1.114E+01
480.000 1.113E+01
481.000 1.112E+01
482.000 1.111E+01
483.000 1.110E+01
484.000 1.109E+01
485.000 1.108E+01
486.000 1.107E+01
487.000 1.106E+01
488.000 1.105E+01
489.000 1.104E+01
490.000 1.103E+01
491.000 1.102E+01
492.000 1.101E+01
493.000 1.100E+01
494.000 1.100E+01
495.000 1.099E+01
496.000 1.098E+01
497.000 1.097E+01
498.000 1.096E+01
499.000 1.095E+01
500.000 1.094E+01
501.000 1.093E+01
502.000 1.092E+01
503.000 1.091E+01
504.000 1.090E+01
505.000 1.090E+01
506.000 1.089E+01
507.000 1.088E+01
508.000 1.087E+01
509.000 1.086E+01
510.000 1.085E+01
511.000 1.084E+01
512.000 1.083E+01
513.000 1.083E+01
514.000 1.082E+01
515.000 1.081E+01
516.000 1.080E+01
517.000 1.079E+01
518.000 1.078E+01
519.000 1.077E+01
520.000 1.077E+01
521.000 1.076E+01
522.000 1.075E+01
523.000 1.074E+01
524.000 1.073E+01
525.000 1.072E+01
526.000 1.072E+01
527.000 1.071E+01
528.000 1.070E+01
529.000 1.069E+01
530.000 1.068E+01
531.000 1.068E+01
532.000 1.067E+01
533.000 1.066E+01
534.000 1.065E+01
535.000 1.065E+01
536.000 1.064E+01
537.000 1.063E+01
538.000 1.062E+01
539.000 1.061E+01
540.000 1.061E+01
541.000 1.060E+01
542.000 1.059E+01
543.000 1.058E+01
544.000 1.058E+01
545.000 1.057E+01
546.000 1.056E+01
547.000 1.055E+01
548.000 1.055E+01
549.000 1.054E+01
550.000 1.053E+01
551.000 1.052E+01
552.000 1.052E+01
553.000 1.051E+01
554.000 1.050E+01
555.000 1.049E+01
556.000 1.049E+01
557.000 1.048E+01
558.000 1.047E+01
559.000 1.047E+01
560.000 1.046E+01
561.000 1.045E+01
562.000 1.044E+01
563.000 1.044E+01
564.000 1.043E+01
565.000 1.042E+01
566.000 1.042E+01
567.000 1.041E+01
568.000 1.040E+01
569.000 1.040E+01
570.000 1.039E+01
571.000 1.038E+01
572.000 1.038E+01
573.000 1.037E+01
574.000 1.036E+01
575.000 1.036E+01
576.000 1.035E+01
577.000 1.034E+01
578.000 1.034E+01
579.000 1.033E+01
580.000 1.032E+01
581.000 1.032E+01
582.000 1.031E+01
583.000 1.030E+01
584.000 1.030E+01
585.000 1.029E+01
586.000 1.028E+01
587.000 1.028E+01
588.000 1.027E+01
589.000 1.026E+01
590.000 1.026E+01
591.000 1.025E+01
592.000 1.025E+01
593.000 1.024E+01
594.000 1.023E+01
595.000 1.023E+01
596.000 1.022E+01
597.000 1.021E+01
598.000 1.021E+01
599.000 1.020E+01
600.000 1.020E+01
601.000 1.019E+01
602.000 1.018E+01
603.000 1.018E+01
604.000 1.017E+01
605.000 1.017E+01
606.000 1.016E+01
607.000 1.015E+01
608.000 1.015E+01
609.000 1.014E+01
610.000 1.014E+01
611.000 1.013E+01
612.000 1.012E+01
613.000 1.012E+01
614.000 1.011E+01
615.000 1.011E+01
616.000 1.010E+01
617.000 1.010E+01
618.000 1.009E+01
619.000 1.008E+01
620.000 1.008E+01
621.000 1.007E+01
622.000 1.007E+01
623.000 1.006E+01
624.000 1.006E+01
625.000 1.005E+01
626.000 1.004E+01
627.000 1.004E+01
628.000 1.003E+01
629.000 1.003E+01
630.000 1.002E+01
631.000 1.002E+01
632.000 1.001E+01
633.000 1.001E+01
634.000 1.000E+01
635.000 9.995E+00
636.000 9.990E+00
637.000 9.985E+00
638.000 9.979E+00
639.000 9.974E+00
640.000 9.969E+00
641.000 9.963E+00
642.000 9.958E+00
643.000 9.953E+00
644.000 9.948E+00
645.000 9.942E+00
646.000 9.937E+00
647.000 9.932E+00
648.000 9.927E+00
649.000 9.922E+00
650.000 9.917E+00
651.000 9.912E+00
652.000 9.906E+00
653.000 9.901E+00
654.000 9.896E+00
655.000 9.891E+00
656.000 9.886E+00
657.000 9.881E+00
658.000 9.876E+00
659.000 9.871E+00
660.000 9.866E+00
661.000 9.862E+00
662.000 9.857E+00
663.000 9.852E+00
664.000 9.847E+00
665.000 9.842E+00
666.000 9.837E+00
667.000 9.832E+00
668.000 9.828E+00
669.000 9.823E+00
670.000 9.818E+00
671.000 9.813E+00
672.000 9.808E+00
673.000 9.804E+00
674.000 9.799E+00
675.000 9.794E+00
676.000 9.790E+00
677.000 9.785E+00
678.000 9.780E+00
679.000 9.776E+00
680.000 9.771E+00
681.000 9.767E+00
682.000 9.762E+00
683.000 9.757E+00
684.000 9.753E+00
685.000 9.748E+00
686.000 9.744E+00
687.000 9.739E+00
688.000 9.735E+00
689.000 9.730E+00
690.000 9.726E+00
691.000 9.721E+00
692.000 9.717E+00
693.000 9.713E+00
694.000 9.708E+00
695.000 9.704E+00
696.000 9.699E+00
697.000 9.695E+00
698.000 9.691E+00
699.000 9.686E+00
700.000 9.682E+00
701.000 9.678E+00
702.000 9.673E+00
703.000 9.669E+00
704.000 9.665E+00
705.000 9.661E+00
706.000 9.656E+00
707.000 9.652E+00
708.000 9.648E+00
709.000 9.644E+00
710.000 9.640E+00
711.000 9.636E+00
712.000 9.631E+00
713.000 9.627E+00
714.000 9.623E+00
715.000 9.619E+00
716.000 9.615E+00
717.000 9.611E+00
718.000 9.607E+00
719.000 9.603E+00
720.000 9.599E+00
721.000 9.595E+00
722.000 9.591E+00
723.000 9.587E+00
724.000 9.583E+00
725.000 9.579E+00
726.000 9.575E+00
727.000 9.571E+00
728.000 9.567E+00
729.000 9.563E+00
730.000 9.559E+00
731.000 9.555E+00
732.000 9.551E+00
733.000 9.547E+00
734.000 9.544E+00
735.000 9.540E+00
736.000 9.536E+00
737.000 9.532E+00
738.000 9.528E+00
739.000 9.524E+00
740.000 9.521E+00
741.000 9.517E+00
742.000 9.513E+00
743.000 9.509E+00
744.000 9.506E+00
745.000 9.502E+00
746.000 9.498E+00
747.000 9.494E+00
748.000 9.491E+00
749.000 9.487E+00
750.000 9.483E+00
751.000 9.480E+00
752.000 9.476E+00
753.000 9.472E+00
754.000 9.469E+00
755.000 9.465E+00
756.000 9.461E+00
757.000 9.458E+00
758.000 9.454E+00
759.000 9.451E+00
760.000 9.447E+00
761.000 9.444E+00
762.000 9.440E+00
763.000 9.436E+00
764.000 9.433E+00
765.000 9.429E+00
766.000 9.426E+00
767.000 9.422E+00
768.000 9.419E+00
769.000 9.415E+00
770.000 9.412E+00
771.000 9.409E+00
772.000 9.405E+00
773.000 9.402E+00
774.000 9.398E+00
775.000 9.395E+00
776.000 9.391E+00
777.000 9.388E+00
778.000 9.385E+00
779.000 9.381E+00
780.000 9.378E+00
781.000 9.375E+00
782.000 9.371E+00
783.000 9.368E+00
784.000 9.365E+00
785.000 9.361E+00
786.000 9.358E+00
787.000 9.355E+00
788.000 9.351E+00
789.000 9.348E+00
790.000 9.345E+00
791.000 9.342E+00
792.000 9.338E+00
793.000 9.335E+00
794.000 9.332E+00
795.000 9.329E+00
796.000 9.326E+00
797.000 9.322E+00
798.000 9.319E+00
799.000 9.316E+00
800.000 9.313E+00
801.000 9.310E+00
802.000 9.307E+00
803.000 9.304E+00
804.000 9.300E+00
805.000 9.297E+00
806.000 9.294E+00
807.000 9.291E+00
808.000 9.288E+00
809.000 9.285E+00
810.000 9.282E+00
811.000 9.279E+00
812.000 9.276E+00
813.000 9.273E+00
814.000 9.270E+00
815.000 9.267E+00
816.000 9.264E+00
817.000 9.261E+00
818.000 9.258E+00
819.000 9.255E+00
820.000 9.252E+00
821.000 9.249E+00
822.000 9.246E+00
823.000 9.243E+00
824.000 9.240E+00
825.000 9.237E+00
826.000 9.234E+00
827.000 9.231E+00
828.000 9.228E+00
829.000 9.226E+00
830.000 9.223E+00
831.000 9.220E+00
832.000 9.217E+00
833.000 9.214E+00
834.000 9.211E+00
835.000 9.208E+00
836.000 9.206E+00
837.000 9.203E+00
838.000 9.200E+00
839.000 9.197E+00
840.000 9.194E+00
841.000 9.192E+00
842.000 9.189E+00
843.000 9.186E+00
844.000 9.183E+00
845.000 9.181E+00
846.000 9.178E+00
847.000 9.175E+00
848.000 9.172E+00
849.000 9.170E+00
850.000 9.167E+00
851.000 9.164E+00
852.000 9.162E+00
853.000 9.159E+00
854.000 9.156E+00
855.000 9.154E+00
856.000 9.151E+00
857.000 9.148E+00
858.000 9.146E+00
859.000 9.143E+00
860.000 9.140E+00
861.000 9.138E+00
862.000 9.135E+00
863.000 9.133E+00
864.000 9.130E+00
865.000 9.127E+00
866.000 9.125E+00
867.000 9.122E+00
868.000 9.120E+00
869.000 9.117E+00
870.000 9.115E+00
871.000 9.112E+00
872.000 9.110E+00
873.000 9.107E+00
874.000 9.105E+00
875.000 9.102E+00
876.000 9.100E+00
877.000 9.097E+00
878.000 9.095E+00
879.000 9.092E+00
880.000 9.090E+00
881.000 9.087E+00
882.000 9.085E+00
883.000 9.082E+00
884.000 9.080E+00
885.000 9.078E+00
886.000 9.075E+00
887.000 9.073E+00
888.000 9.070E+00
889.000 9.068E+00
890.000 9.066E+00
891.000 9.063E+00
892.000 9.061E+00
893.000 9.058E+00
894.000 9.056E+00
895.000 9.054E+00
896.000 9.051E+00
897.000 9.049E+00
898.000 9.047E+00
899.000 9.044E+00
900.000 9.042E+00
901.000 9.040E+00
902.000 9.037E+00
903.000 9.035E+00
904.000 9.033E+00
905.000 9.031E+00
906.000 9.028E+00
907.000 9.026E+00
908.000 9.024E+00
909.000 9.021E+00
910.000 9.019E+00
911.000 9.017E+00
912.000 9.015E+00
913.000 9.012E+00
914.000 9.010E+00
915.000 9.008E+00
916.000 9.006E+00
917.000 9.003E+00
918.000 9.001E+00
919.000 8.999E+00
920.000 8.997E+00
921.000 8.995E+00
922.000 8.992E+00
923.000 8.990E+00
924.000 8.988E+00
925.000 8.986E+00
926.000 8.984E+00
927.000 8.982E+00
928.000 8.979E+00
929.000 8.977E+00
930.000 8.975E+00
931.000 8.973E+00
932.000 8.971E+00
933.000 8.969E+00
934.000 8.966E+00
935.000 8.964E+00
936.000 8.962E+00
937.000 8.960E+00
938.000 8.958E+00
939.000 8.956E+00
940.000 8.954E+00
941.000 8.952E+00
942.000 8.949E+00
943.000 8.947E+00
944.000 8.945E+00
945.000 8.943E+00
946.000 8.941E+00
947.000 8.939E+00
948.000 8.937E+00
949.000 8.935E+00
950.000 8.933E+00
951.000 8.931E+00
952.000 8.928E+00
953.000 8.926E+00
954.000 8.924E+00
955.000 8.922E+00
956.000 8.920E+00
957.000 8.918E+00
958.000 8.916E+00
959.000 8.914E+00
960.000 8.912E+00
961.000 8.910E+00
962.000 8.908E+00
963.000 8.906E+00
964.000 8.904E+00
965.000 8.902E+00
966.000 8.900E+00
967.000 8.898E+00
968.000 8.896E+00
969.000 8.894E+00
970.000 8.892E+00
971.000 8.889E+00
972.000 8.887E+00
973.000 8.885E+00
974.000 8.883E+00
975.000 8.881E+00
976.000 8.879E+00
977.000 8.877E+00
978.000 8.875E+00
979.000 8.873E+00
980.000 8.871E+00
981.000 8.869E+00
982.000 8.867E+00
983.000 8.865E+00
984.000 8.863E+00
985.000 8.861E+00
986.000 8.859E+00
987.000 8.857E+00
988.000 8.855E+00
989.000 8.853E+00
990.000 8.851E+00
991.000 8.849E+00
992.000 8.847E+00
993.000 8.845E+00
994.000 8.843E+00
995.000 8.841E+00
996.000 8.839E+00
997.000 8.837E+00
998.000 8.835E+00
999.000 8.833E+00
