0.010 8.583E+02
0.020 1.269E+03
0.030 1.597E+03
0.040 1.875E+03
0.050 2.118E+03
0.060 2.335E+03
0.070 2.528E+03
0.080 2.700E+03
0.090 2.855E+03
0.100 2.992E+03
0.110 3.115E+03
0.120 3.223E+03
0.130 3.318E+03
0.140 3.401E+03
0.150 3.473E+03
0.160 3.535E+03
0.170 3.587E+03
0.180 3.631E+03
0.190 3.668E+03
0.200 3.697E+03
0.210 3.719E+03
0.220 3.737E+03
0.230 3.748E+03
0.240 3.756E+03
0.250 3.759E+03
0.260 3.757E+03
0.270 3.751E+03
0.280 3.741E+03
0.290 3.728E+03
0.300 3.712E+03
0.310 3.694E+03
0.320 3.675E+03
0.330 3.654E+03
0.340 3.631E+03
0.350 3.608E+03
0.360 3.584E+03
0.370 3.559E+03
0.380 3.534E+03
0.390 3.508E+03
0.400 3.482E+03
0.410 3.455E+03
0.420 3.429E+03
0.430 3.402E+03
0.440 3.375E+03
0.450 3.348E+03
0.460 3.322E+03
0.470 3.295E+03
0.480 3.268E+03
0.490 3.242E+03
0.500 3.216E+03
0.510 3.189E+03
0.520 3.164E+03
0.530 3.138E+03
0.540 3.112E+03
0.550 3.087E+03
0.560 3.063E+03
0.570 3.038E+03
0.580 3.014E+03
0.590 2.991E+03
0.600 2.967E+03
0.610 2.944E+03
0.620 2.922E+03
0.630 2.899E+03
0.640 2.877E+03
0.650 2.856E+03
0.660 2.834E+03
0.670 2.813E+03
0.680 2.792E+03
0.690 2.772E+03
0.700 2.752E+03
0.710 2.732E+03
0.720 2.712E+03
0.730 2.693E+03
0.740 2.674E+03
0.750 2.655E+03
0.760 2.636E+03
0.770 2.618E+03
0.780 2.600E+03
0.790 2.582E+03
0.800 2.565E+03
0.810 2.547E+03
0.820 2.530E+03
0.830 2.513E+03
0.840 2.497E+03
0.850 2.480E+03
0.860 2.464E+03
0.870 2.448E+03
0.880 2.432E+03
0.890 2.417E+03
0.900 2.401E+03
0.910 2.386E+03
0.920 2.371E+03
0.930 2.356E+03
0.940 2.342E+03
0.950 2.327E+03
0.960 2.313E+03
0.970 2.299E+03
0.980 2.285E+03
0.990 2.271E+03
1.000 2.257E+03
1.100 2.130E+03
1.200 2.016E+03
1.300 1.914E+03
1.400 1.822E+03
1.500 1.739E+03
1.600 1.664E+03
1.700 1.595E+03
1.800 1.532E+03
1.900 1.474E+03
2.000 1.420E+03
2.100 1.371E+03
2.200 1.325E+03
2.300 1.283E+03
2.400 1.243E+03
2.500 1.206E+03
2.600 1.172E+03
2.700 1.139E+03
2.800 1.108E+03
2.900 1.080E+03
3.000 1.052E+03
3.100 1.027E+03
3.200 1.002E+03
3.300 9.792E+02
3.400 9.572E+02
3.500 9.362E+02
3.600 9.163E+02
3.700 8.973E+02
3.800 8.791E+02
3.900 8.617E+02
4.000 8.451E+02
4.100 8.292E+02
4.200 8.139E+02
4.300 7.993E+02
4.400 7.852E+02
4.500 7.717E+02
4.600 7.586E+02
4.700 7.461E+02
4.800 7.340E+02
4.900 7.223E+02
5.000 7.111E+02
5.100 7.002E+02
5.200 6.897E+02
5.300 6.795E+02
5.400 6.696E+02
5.500 6.601E+02
5.600 6.509E+02
5.700 6.419E+02
5.800 6.332E+02
5.900 6.247E+02
6.000 6.165E+02
6.100 6.086E+02
6.200 6.008E+02
6.300 5.933E+02
6.400 5.860E+02
6.500 5.788E+02
6.600 5.719E+02
6.700 5.651E+02
6.800 5.586E+02
6.900 5.521E+02
7.000 5.459E+02
7.100 5.398E+02
7.200 5.338E+02
7.300 5.280E+02
7.400 5.223E+02
7.500 5.168E+02
7.600 5.114E+02
7.700 5.061E+02
7.800 5.009E+02
7.900 4.958E+02
8.000 4.909E+02
8.100 4.861E+02
8.200 4.813E+02
8.300 4.767E+02
8.400 4.722E+02
8.500 4.677E+02
8.600 4.634E+02
8.700 4.591E+02
8.800 4.550E+02
8.900 4.509E+02
9.000 4.469E+02
9.100 4.429E+02
9.200 4.391E+02
9.300 4.353E+02
9.400 4.316E+02
9.500 4.279E+02
9.600 4.243E+02
9.700 4.208E+02
9.800 4.174E+02
9.900 4.140E+02
10.000 4.107E+02
11.000 3.804E+02
12.000 3.546E+02
13.000 3.325E+02
14.000 3.131E+02
15.000 2.961E+02
16.000 2.810E+02
17.000 2.676E+02
18.000 2.554E+02
19.000 2.445E+02
20.000 2.345E+02
21.000 2.254E+02
22.000 2.171E+02
23.000 2.094E+02
24.000 2.023E+02
25.000 1.957E+02
26.000 1.895E+02
27.000 1.838E+02
28.000 1.785E+02
29.000 1.735E+02
30.000 1.688E+02
31.000 1.644E+02
32.000 1.602E+02
33.000 1.563E+02
34.000 1.526E+02
35.000 1.491E+02
36.000 1.457E+02
37.000 1.425E+02
38.000 1.395E+02
39.000 1.366E+02
40.000 1.339E+02
41.000 1.313E+02
42.000 1.288E+02
43.000 1.264E+02
44.000 1.241E+02
45.000 1.219E+02
46.000 1.197E+02
47.000 1.177E+02
48.000 1.157E+02
49.000 1.139E+02
50.000 1.121E+02
51.000 1.103E+02
52.000 1.086E+02
53.000 1.070E+02
54.000 1.054E+02
55.000 1.039E+02
56.000 1.025E+02
57.000 1.010E+02
58.000 9.966E+01
59.000 9.834E+01
60.000 9.705E+01
61.000 9.580E+01
62.000 9.459E+01
63.000 9.341E+01
64.000 9.227E+01
65.000 9.117E+01
66.000 9.009E+01
67.000 8.904E+01
68.000 8.802E+01
69.000 8.703E+01
70.000 8.607E+01
71.000 8.513E+01
72.000 8.422E+01
73.000 8.332E+01
74.000 8.246E+01
75.000 8.161E+01
76.000 8.078E+01
77.000 7.998E+01
78.000 7.919E+01
79.000 7.842E+01
80.000 7.767E+01
81.000 7.694E+01
82.000 7.622E+01
83.000 7.552E+01
84.000 7.484E+01
85.000 7.417E+01
86.000 7.352E+01
87.000 7.288E+01
88.000 7.225E+01
89.000 7.164E+01
90.000 7.104E+01
91.000 7.045E+01
92.000 6.987E+01
93.000 6.931E+01
94.000 6.875E+01
95.000 6.821E+01
96.000 6.768E+01
97.000 6.716E+01
98.000 6.665E+01
99.000 6.614E+01
100.000 6.565E+01
101.000 6.517E+01
102.000 6.470E+01
103.000 6.423E+01
104.000 6.377E+01
105.000 6.332E+01
106.000 6.288E+01
107.000 6.245E+01
108.000 6.202E+01
109.000 6.161E+01
110.000 6.120E+01
111.000 6.079E+01
112.000 6.040E+01
113.000 6.001E+01
114.000 5.962E+01
115.000 5.924E+01
116.000 5.887E+01
117.000 5.851E+01
118.000 5.815E+01
119.000 5.779E+01
120.000 5.745E+01
121.000 5.710E+01
122.000 5.677E+01
123.000 5.643E+01
124.000 5.611E+01
125.000 5.578E+01
126.000 5.547E+01
127.000 5.515E+01
128.000 5.485E+01
129.000 5.454E+01
130.000 5.424E+01
131.000 5.395E+01
132.000 5.366E+01
133.000 5.337E+01
134.000 5.309E+01
135.000 5.281E+01
136.000 5.254E+01
137.000 5.227E+01
138.000 5.200E+01
139.000 5.174E+01
140.000 5.148E+01
141.000 5.122E+01
142.000 5.097E+01
143.000 5.072E+01
144.000 5.047E+01
145.000 5.023E+01
146.000 4.999E+01
147.000 4.976E+01
148.000 4.952E+01
149.000 4.929E+01
150.000 4.906E+01
151.000 4.884E+01
152.000 4.862E+01
153.000 4.840E+01
154.000 4.818E+01
155.000 4.797E+01
156.000 4.776E+01
157.000 4.755E+01
158.000 4.734E+01
159.000 4.714E+01
160.000 4.694E+01
161.000 4.674E+01
162.000 4.655E+01
163.000 4.635E+01
164.000 4.616E+01
165.000 4.597E+01
166.000 4.578E+01
167.000 4.560E+01
168.000 4.542E+01
169.000 4.524E+01
170.000 4.506E+01
171.000 4.488E+01
172.000 4.470E+01
173.000 4.453E+01
174.000 4.436E+01
175.000 4.419E+01
176.000 4.402E+01
177.000 4.386E+01
178.000 4.370E+01
179.000 4.353E+01
180.000 4.337E+01
181.000 4.322E+01
182.000 4.306E+01
183.000 4.290E+01
184.000 4.275E+01
185.000 4.260E+01
186.000 4.245E+01
187.000 4.230E+01
188.000 4.215E+01
189.000 4.201E+01
190.000 4.186E+01
191.000 4.172E+01
192.000 4.158E+01
193.000 4.144E+01
194.000 4.130E+01
195.000 4.116E+01
196.000 4.103E+01
197.000 4.089E+01
198.000 4.076E+01
199.000 4.063E+01
200.000 4.050E+01
201.000 4.037E+01
202.000 4.024E+01
203.000 4.011E+01
204.000 3.999E+01
205.000 3.986E+01
206.000 3.974E+01
207.000 3.962E+01
208.000 3.950E+01
209.000 3.938E+01
210.000 3.926E+01
211.000 3.914E+01
212.000 3.902E+01
213.000 3.891E+01
214.000 3.879E+01
215.000 3.868E+01
216.000 3.857E+01
217.000 3.846E+01
218.000 3.835E+01
219.000 3.824E+01
220.000 3.813E+01
221.000 3.802E+01
222.000 3.791E+01
223.000 3.781E+01
224.000 3.770E+01
225.000 3.760E+01
226.000 3.750E+01
227.000 3.739E+01
228.000 3.729E+01
229.000 3.719E+01
230.000 3.709E+01
231.000 3.700E+01
232.000 3.690E+01
233.000 3.680E+01
234.000 3.670E+01
235.000 3.661E+01
236.000 3.651E+01
237.000 3.642E+01
238.000 3.633E+01
239.000 3.624E+01
240.000 3.614E+01
241.000 3.605E+01
242.000 3.596E+01
243.000 3.587E+01
244.000 3.579E+01
245.000 3.570E+01
246.000 3.561E+01
247.000 3.552E+01
248.000 3.544E+01
249.000 3.535E+01
250.000 3.527E+01
251.000 3.519E+01
252.000 3.510E+01
253.000 3.502E+01
254.000 3.494E+01
255.000 3.486E+01
256.000 3.478E+01
257.000 3.470E+01
258.000 3.462E+01
259.000 3.454E+01
260.000 3.446E+01
261.000 3.438E+01
262.000 3.430E+01
263.000 3.423E+01
264.000 3.415E+01
265.000 3.408E+01
266.000 3.400E+01
267.000 3.393E+01
268.000 3.385E+01
269.000 3.378E+01
270.000 3.371E+01
271.000 3.364E+01
272.000 3.356E+01
273.000 3.349E+01
274.000 3.342E+01
275.000 3.335E+01
276.000 3.328E+01
277.000 3.321E+01
278.000 3.315E+01
279.000 3.308E+01
280.000 3.301E+01
281.000 3.294E+01
282.000 3.288E+01
283.000 3.281E+01
284.000 3.274E+01
285.000 3.268E+01
286.000 3.261E+01
287.000 3.255E+01
288.000 3.249E+01
289.000 3.242E+01
290.000 3.236E+01
291.000 3.230E+01
292.000 3.224E+01
293.000 3.218E+01
294.000 3.211E+01
295.000 3.205E+01
296.000 3.199E+01
297.000 3.193E+01
298.000 3.187E+01
299.000 3.181E+01
300.000 3.176E+01
301.000 3.170E+01
302.000 3.164E+01
303.000 3.158E+01
304.000 3.153E+01
305.000 3.147E+01
306.000 3.141E+01
307.000 3.136E+01
308.000 3.130E+01
309.000 3.125E+01
310.000 3.119E+01
311.000 3.114E+01
312.000 3.108E+01
313.000 3.103E+01
314.000 3.097E+01
315.000 3.092E+01
316.000 3.087E+01
317.000 3.082E+01
318.000 3.076E+01
319.000 3.071E+01
320.000 3.066E+01
321.000 3.061E+01
322.000 3.056E+01
323.000 3.051E+01
324.000 3.046E+01
325.000 3.041E+01
326.000 3.036E+01
327.000 3.031E+01
328.000 3.026E+01
329.000 3.021E+01
330.000 3.016E+01
331.000 3.011E+01
332.000 3.006E+01
333.000 3.002E+01
334.000 2.997E+01
335.000 2.992E+01
336.000 2.987E+01
337.000 2.983E+01
338.000 2.978E+01
339.000 2.974E+01
340.000 2.969E+01
341.000 2.964E+01
342.000 2.960E+01
343.000 2.955E+01
344.000 2.951E+01
345.000 2.946E+01
346.000 2.942E+01
347.000 2.938E+01
348.000 2.933E+01
349.000 2.929E+01
350.000 2.925E+01
351.000 2.920E+01
352.000 2.916E+01
353.000 2.912E+01
354.000 2.908E+01
355.000 2.903E+01
356.000 2.899E+01
357.000 2.895E+01
358.000 2.891E+01
359.000 2.887E+01
360.000 2.883E+01
361.000 2.879E+01
362.000 2.875E+01
363.000 2.871E+01
364.000 2.867E+01
365.000 2.863E+01
366.000 2.859E+01
367.000 2.855E+01
368.000 2.851E+01
369.000 2.847E+01
370.000 2.843E+01
371.000 2.840E+01
372.000 2.836E+01
373.000 2.832E+01
374.000 2.828E+01
375.000 2.825E+01
376.000 2.821E+01
377.000 2.817E+01
378.000 2.813E+01
379.000 2.810E+01
380.000 2.806E+01
381.000 2.802E+01
382.000 2.799E+01
383.000 2.795E+01
384.000 2.792E+01
385.000 2.788E+01
386.000 2.785E+01
387.000 2.781E+01
388.000 2.778E+01
389.000 2.774E+01
390.000 2.771E+01
391.000 2.767E+01
392.000 2.764E+01
393.000 2.760E+01
394.000 2.757E+01
395.000 2.754E+01
396.000 2.750E+01
397.000 2.747E+01
398.000 2.744E+01
399.000 2.740E+01
400.000 2.737E+01
401.000 2.734E+01
402.000 2.731E+01
403.000 2.727E+01
404.000 2.724E+01
405.000 2.721E+01
406.000 2.718E+01
407.000 2.715E+01
408.000 2.711E+01
409.000 2.708E+01
410.000 2.705E+01
411.000 2.702E+01
412.000 2.699E+01
413.000 2.696E+01
414.000 2.693E+01
415.000 2.690E+01
416.000 2.687E+01
417.000 2.684E+01
418.000 2.681E+01
419.000 2.678E+01
420.000 2.675E+01
421.000 2.672E+01
422.000 2.669E+01
423.000 2.666E+01
424.000 2.663E+01
425.000 2.660E+01
426.000 2.657E+01
427.000 2.654E+01
428.000 2.652E+01
429.000 2.649E+01
430.000 2.646E+01
431.000 2.643E+01
432.000 2.640E+01
433.000 2.638E+01
434.000 2.635E+01
435.000 2.632E+01
436.000 2.629E+01
437.000 2.627E+01
438.000 2.624E+01
439.000 2.621E+01
440.000 2.619E+01
441.000 2.616E+01
442.000 2.613E+01
443.000 2.611E+01
444.000 2.608E+01
445.000 2.605E+01
446.000 2.603E+01
447.000 2.600E+01
448.000 2.597E+01
449.000 2.595E+01
450.000 2.592E+01
451.000 2.590E+01
452.000 2.587E+01
453.000 2.585E+01
454.000 2.582E+01
455.000 2.580E+01
456.000 2.577E+01
457.000 2.575E+01
458.000 2.572E+01
459.000 2.570E+01
460.000 2.567E+01
461.000 2.565E+01
462.000 2.562E+01
463.000 2.560E+01
464.000 2.558E+01
465.000 2.555E+01
466.000 2.553E+01
467.000 2.550E+01
468.000 2.548E+01
469.000 2.546E+01
470.000 2.543E+01
471.000 2.541E+01
472.000 2.539E+01
473.000 2.536E+01
474.000 2.534E+01
475.000 2.532E+01
476.000 2.529E+01
477.000 2.527E+01
478.000 2.525E+01
479.000 2.523E+01
480.000 2.520E+01
481.000 2.518E+01
482.000 2.516E+01
483.000 2.514E+01
484.000 2.512E+01
485.000 2.509E+01
486.000 2.507E+01
487.000 2.505E+01
488.000 2.503E+01
489.000 2.501E+01
490.000 2.499E+01
491.000 2.496E+01
492.000 2.494E+01
493.000 2.492E+01
494.000 2.490E+01
495.000 2.488E+01
496.000 2.486E+01
497.000 2.484E+01
498.000 2.482E+01
499.000 2.480E+01
500.000 2.478E+01
501.000 2.476E+01
502.000 2.474E+01
503.000 2.472E+01
504.000 2.469E+01
505.000 2.467E+01
506.000 2.465E+01
507.000 2.463E+01
508.000 2.461E+01
509.000 2.460E+01
510.000 2.458E+01
511.000 2.456E+01
512.000 2.454E+01
513.000 2.452E+01
514.000 2.450E+01
515.000 2.448E+01
516.000 2.446E+01
517.000 2.444E+01
518.000 2.442E+01
519.000 2.440E+01
520.000 2.438E+01
521.000 2.436E+01
522.000 2.435E+01
523.000 2.433E+01
524.000 2.431E+01
525.000 2.429E+01
526.000 2.427E+01
527.000 2.425E+01
528.000 2.423E+01
529.000 2.422E+01
530.000 2.420E+01
531.000 2.418E+01
532.000 2.416E+01
533.000 2.414E+01
534.000 2.413E+01
535.000 2.411E+01
536.000 2.409E+01
537.000 2.407E+01
538.000 2.406E+01
539.000 2.404E+01
540.000 2.402E+01
541.000 2.400E+01
542.000 2.399E+01
543.000 2.397E+01
544.000 2.395E+01
545.000 2.393E+01
546.000 2.392E+01
547.000 2.390E+01
548.000 2.388E+01
549.000 2.387E+01
550.000 2.385E+01
551.000 2.383E+01
552.000 2.382E+01
553.000 2.380E+01
554.000 2.378E+01
555.000 2.377E+01
556.000 2.375E+01
557.000 2.373E+01
558.000 2.372E+01
559.000 2.370E+01
560.000 2.369E+01
561.000 2.367E+01
562.000 2.365E+01
563.000 2.364E+01
564.000 2.362E+01
565.000 2.361E+01
566.000 2.359E+01
567.000 2.358E+01
568.000 2.356E+01
569.000 2.354E+01
570.000 2.353E+01
571.000 2.351E+01
572.000 2.350E+01
573.000 2.348E+01
574.000 2.347E+01
575.000 2.345E+01
576.000 2.344E+01
577.000 2.342E+01
578.000 2.341E+01
579.000 2.339E+01
580.000 2.338E+01
581.000 2.336E+01
582.000 2.335E+01
583.000 2.333E+01
584.000 2.332E+01
585.000 2.330E+01
586.000 2.329E+01
587.000 2.327E+01
588.000 2.326E+01
589.000 2.325E+01
590.000 2.323E+01
591.000 2.322E+01
592.000 2.320E+01
593.000 2.319E+01
594.000 2.317E+01
595.000 2.316E+01
596.000 2.315E+01
597.000 2.313E+01
598.000 2.312E+01
599.000 2.310E+01
600.000 2.309E+01
601.000 2.308E+01
602.000 2.306E+01
603.000 2.305E+01
604.000 2.304E+01
605.000 2.302E+01
606.000 2.301E+01
607.000 2.300E+01
608.000 2.298E+01
609.000 2.297E+01
610.000 2.296E+01
611.000 2.294E+01
612.000 2.293E+01
613.000 2.292E+01
614.000 2.290E+01
615.000 2.289E+01
616.000 2.288E+01
617.000 2.286E+01
618.000 2.285E+01
619.000 2.284E+01
620.000 2.282E+01
621.000 2.281E+01
622.000 2.280E+01
623.000 2.279E+01
624.000 2.277E+01
625.000 2.276E+01
626.000 2.275E+01
627.000 2.274E+01
628.000 2.272E+01
629.000 2.271E+01
630.000 2.270E+01
631.000 2.269E+01
632.000 2.267E+01
633.000 2.266E+01
634.000 2.265E+01
635.000 2.264E+01
636.000 2.263E+01
637.000 2.261E+01
638.000 2.260E+01
639.000 2.259E+01
640.000 2.258E+01
641.000 2.256E+01
642.000 2.255E+01
643.000 2.254E+01
644.000 2.253E+01
645.000 2.252E+01
646.000 2.251E+01
647.000 2.249E+01
648.000 2.248E+01
649.000 2.247E+01
650.000 2.246E+01
651.000 2.245E+01
652.000 2.244E+01
653.000 2.242E+01
654.000 2.241E+01
655.000 2.240E+01
656.000 2.239E+01
657.000 2.238E+01
658.000 2.237E+01
659.000 2.236E+01
660.000 2.235E+01
661.000 2.233E+01
662.000 2.232E+01
663.000 2.231E+01
664.000 2.230E+01
665.000 2.229E+01
666.000 2.228E+01
667.000 2.227E+01
668.000 2.226E+01
669.000 2.225E+01
670.000 2.224E+01
671.000 2.223E+01
672.000 2.221E+01
673.000 2.220E+01
674.000 2.219E+01
675.000 2.218E+01
676.000 2.217E+01
677.000 2.216E+01
678.000 2.215E+01
679.000 2.214E+01
680.000 2.213E+01
681.000 2.212E+01
682.000 2.211E+01
683.000 2.210E+01
684.000 2.209E+01
685.000 2.208E+01
686.000 2.207E+01
687.000 2.206E+01
688.000 2.205E+01
689.000 2.204E+01
690.000 2.203E+01
691.000 2.202E+01
692.000 2.201E+01
693.000 2.200E+01
694.000 2.199E+01
695.000 2.198E+01
696.000 2.197E+01
697.000 2.196E+01
698.000 2.195E+01
699.000 2.194E+01
700.000 2.193E+01
701.000 2.192E+01
702.000 2.191E+01
703.000 2.190E+01
704.000 2.189E+01
705.000 2.188E+01
706.000 2.187E+01
707.000 2.186E+01
708.000 2.185E+01
709.000 2.184E+01
710.000 2.183E+01
711.000 2.182E+01
712.000 2.181E+01
713.000 2.180E+01
714.000 2.179E+01
715.000 2.179E+01
716.000 2.178E+01
717.000 2.177E+01
718.000 2.176E+01
719.000 2.175E+01
720.000 2.174E+01
721.000 2.173E+01
722.000 2.172E+01
723.000 2.171E+01
724.000 2.170E+01
725.000 2.169E+01
726.000 2.169E+01
727.000 2.168E+01
728.000 2.167E+01
729.000 2.166E+01
730.000 2.165E+01
731.000 2.164E+01
732.000 2.163E+01
733.000 2.162E+01
734.000 2.161E+01
735.000 2.161E+01
736.000 2.160E+01
737.000 2.159E+01
738.000 2.158E+01
739.000 2.157E+01
740.000 2.156E+01
741.000 2.155E+01
742.000 2.155E+01
743.000 2.154E+01
744.000 2.153E+01
745.000 2.152E+01
746.000 2.151E+01
747.000 2.150E+01
748.000 2.149E+01
749.000 2.149E+01
750.000 2.148E+01
751.000 2.147E+01
752.000 2.146E+01
753.000 2.145E+01
754.000 2.145E+01
755.000 2.144E+01
756.000 2.143E+01
757.000 2.142E+01
758.000 2.141E+01
759.000 2.140E+01
760.000 2.140E+01
761.000 2.139E+01
762.000 2.138E+01
763.000 2.137E+01
764.000 2.136E+01
765.000 2.136E+01
766.000 2.135E+01
767.000 2.134E+01
768.000 2.133E+01
769.000 2.132E+01
770.000 2.132E+01
771.000 2.131E+01
772.000 2.130E+01
773.000 2.129E+01
774.000 2.129E+01
775.000 2.128E+01
776.000 2.127E+01
777.000 2.126E+01
778.000 2.125E+01
779.000 2.125E+01
780.000 2.124E+01
781.000 2.123E+01
782.000 2.122E+01
783.000 2.122E+01
784.000 2.121E+01
785.000 2.120E+01
786.000 2.119E+01
787.000 2.119E+01
788.000 2.118E+01
789.000 2.117E+01
790.000 2.116E+01
791.000 2.116E+01
792.000 2.115E+01
793.000 2.114E+01
794.000 2.114E+01
795.000 2.113E+01
796.000 2.112E+01
797.000 2.111E+01
798.000 2.111E+01
799.000 2.110E+01
800.000 2.109E+01
801.000 2.109E+01
802.000 2.108E+01
803.000 2.107E+01
804.000 2.106E+01
805.000 2.106E+01
806.000 2.105E+01
807.000 2.104E+01
808.000 2.104E+01
809.000 2.103E+01
810.000 2.102E+01
811.000 2.102E+01
812.000 2.101E+01
813.000 2.100E+01
814.000 2.099E+01
815.000 2.099E+01
816.000 2.098E+01
817.000 2.097E+01
818.000 2.097E+01
819.000 2.096E+01
820.000 2.095E+01
821.000 2.095E+01
822.000 2.094E+01
823.000 2.093E+01
824.000 2.093E+01
825.000 2.092E+01
826.000 2.091E+01
827.000 2.091E+01
828.000 2.090E+01
829.000 2.089E+01
830.000 2.089E+01
831.000 2.088E+01
832.000 2.087E+01
833.000 2.087E+01
834.000 2.086E+01
835.000 2.086E+01
836.000 2.085E+01
837.000 2.084E+01
838.000 2.084E+01
839.000 2.083E+01
840.000 2.082E+01
841.000 2.082E+01
842.000 2.081E+01
843.000 2.081E+01
844.000 2.080E+01
845.000 2.079E+01
846.000 2.079E+01
847.000 2.078E+01
848.000 2.077E+01
849.000 2.077E+01
850.000 2.076E+01
851.000 2.076E+01
852.000 2.075E+01
853.000 2.074E+01
854.000 2.074E+01
855.000 2.073E+01
856.000 2.073E+01
857.000 2.072E+01
858.000 2.071E+01
859.000 2.071E+01
860.000 2.070E+01
861.000 2.070E+01
862.000 2.069E+01
863.000 2.068E+01
864.000 2.068E+01
865.000 2.067E+01
866.000 2.067E+01
867.000 2.066E+01
868.000 2.065E+01
869.000 2.065E+01
870.000 2.064E+01
871.000 2.064E+01
872.000 2.063E+01
873.000 2.063E+01
874.000 2.062E+01
875.000 2.062E+01
876.000 2.061E+01
877.000 2.060E+01
878.000 2.060E+01
879.000 2.059E+01
880.000 2.059E+01
881.000 2.058E+01
882.000 2.058E+01
883.000 2.057E+01
884.000 2.056E+01
885.000 2.056E+01
886.000 2.055E+01
887.000 2.055E+01
888.000 2.054E+01
889.000 2.054E+01
890.000 2.053E+01
891.000 2.053E+01
892.000 2.052E+01
893.000 2.052E+01
894.000 2.051E+01
895.000 2.051E+01
896.000 2.050E+01
897.000 2.049E+01
898.000 2.049E+01
899.000 2.048E+01
900.000 2.048E+01
901.000 2.047E+01
902.000 2.047E+01
903.000 2.046E+01
904.000 2.046E+01
905.000 2.045E+01
906.000 2.045E+01
907.000 2.044E+01
908.000 2.044E+01
909.000 2.043E+01
910.000 2.043E+01
911.000 2.042E+01
912.000 2.042E+01
913.000 2.041E+01
914.000 2.041E+01
915.000 2.040E+01
916.000 2.040E+01
917.000 2.039E+01
918.000 2.039E+01
919.000 2.038E+01
920.000 2.038E+01
921.000 2.037E+01
922.000 2.037E+01
923.000 2.036E+01
924.000 2.036E+01
925.000 2.035E+01
926.000 2.035E+01
927.000 2.034E+01
928.000 2.034E+01
929.000 2.033E+01
930.000 2.033E+01
931.000 2.032E+01
932.000 2.032E+01
933.000 2.031E+01
934.000 2.031E+01
935.000 2.030E+01
936.000 2.030E+01
937.000 2.029E+01
938.000 2.029E+01
939.000 2.028E+01
940.000 2.028E+01
941.000 2.027E+01
942.000 2.027E+01
943.000 2.026E+01
944.000 2.026E+01
945.000 2.026E+01
946.000 2.025E+01
947.000 2.025E+01
948.000 2.024E+01
949.000 2.024E+01
950.000 2.023E+01
951.000 2.023E+01
952.000 2.022E+01
953.000 2.022E+01
954.000 2.021E+01
955.000 2.021E+01
956.000 2.020E+01
957.000 2.020E+01
958.000 2.019E+01
959.000 2.019E+01
960.000 2.018E+01
961.000 2.018E+01
962.000 2.018E+01
963.000 2.017E+01
964.000 2.017E+01
965.000 2.016E+01
966.000 2.016E+01
967.000 2.015E+01
968.000 2.015E+01
969.000 2.014E+01
970.000 2.014E+01
971.000 2.013E+01
972.000 2.013E+01
973.000 2.012E+01
974.000 2.012E+01
975.000 2.012E+01
976.000 2.011E+01
977.000 2.011E+01
978.000 2.010E+01
979.000 2.010E+01
980.000 2.009E+01
981.000 2.009E+01
982.000 2.008E+01
983.000 2.008E+01
984.000 2.007E+01
985.000 2.007E+01
986.000 2.007E+01
987.000 2.006E+01
988.000 2.006E+01
989.000 2.005E+01
990.000 2.005E+01
991.000 2.004E+01
992.000 2.004E+01
993.000 2.003E+01
994.000 2.003E+01
995.000 2.002E+01
996.000 2.002E+01
997.000 2.002E+01
998.000 2.001E+01
999.000 2.001E+01
