0.010 2.103E+03
0.020 3.143E+03
0.030 3.995E+03
0.040 4.733E+03
0.050 5.392E+03
0.060 5.987E+03
0.070 6.527E+03
0.080 7.019E+03
0.090 7.467E+03
0.100 7.874E+03
0.110 8.242E+03
0.120 8.575E+03
0.130 8.874E+03
0.140 9.143E+03
0.150 9.382E+03
0.160 9.595E+03
0.170 9.784E+03
0.180 9.949E+03
0.190 1.009E+04
0.200 1.022E+04
0.210 1.033E+04
0.220 1.042E+04
0.230 1.050E+04
0.240 1.056E+04
0.250 1.062E+04
0.260 1.066E+04
0.270 1.069E+04
0.280 1.070E+04
0.290 1.071E+04
0.300 1.071E+04
0.310 1.070E+04
0.320 1.068E+04
0.330 1.066E+04
0.340 1.064E+04
0.350 1.061E+04
0.360 1.058E+04
0.370 1.055E+04
0.380 1.052E+04
0.390 1.048E+04
0.400 1.044E+04
0.410 1.040E+04
0.420 1.036E+04
0.430 1.032E+04
0.440 1.028E+04
0.450 1.024E+04
0.460 1.019E+04
0.470 1.015E+04
0.480 1.010E+04
0.490 1.006E+04
0.500 1.001E+04
0.510 9.967E+03
0.520 9.921E+03
0.530 9.876E+03
0.540 9.831E+03
0.550 9.787E+03
0.560 9.743E+03
0.570 9.699E+03
0.580 9.656E+03
0.590 9.614E+03
0.600 9.572E+03
0.610 9.531E+03
0.620 9.490E+03
0.630 9.450E+03
0.640 9.410E+03
0.650 9.370E+03
0.660 9.331E+03
0.670 9.293E+03
0.680 9.254E+03
0.690 9.217E+03
0.700 9.179E+03
0.710 9.143E+03
0.720 9.106E+03
0.730 9.070E+03
0.740 9.034E+03
0.750 8.999E+03
0.760 8.964E+03
0.770 8.930E+03
0.780 8.896E+03
0.790 8.862E+03
0.800 8.829E+03
0.810 8.796E+03
0.820 8.763E+03
0.830 8.731E+03
0.840 8.699E+03
0.850 8.667E+03
0.860 8.636E+03
0.870 8.605E+03
0.880 8.574E+03
0.890 8.544E+03
0.900 8.514E+03
0.910 8.484E+03
0.920 8.454E+03
0.930 8.425E+03
0.940 8.396E+03
0.950 8.367E+03
0.960 8.339E+03
0.970 8.311E+03
0.980 8.283E+03
0.990 8.255E+03
1.000 8.228E+03
1.100 7.964E+03
1.200 7.720E+03
1.300 7.494E+03
1.400 7.282E+03
1.500 7.085E+03
1.600 6.898E+03
1.700 6.721E+03
1.800 6.554E+03
1.900 6.397E+03
2.000 6.247E+03
2.100 6.104E+03
2.200 5.968E+03
2.300 5.839E+03
2.400 5.715E+03
2.500 5.596E+03
2.600 5.483E+03
2.700 5.374E+03
2.800 5.269E+03
2.900 5.169E+03
3.000 5.072E+03
3.100 4.979E+03
3.200 4.889E+03
3.300 4.803E+03
3.400 4.719E+03
3.500 4.638E+03
3.600 4.560E+03
3.700 4.485E+03
3.800 4.412E+03
3.900 4.342E+03
4.000 4.274E+03
4.100 4.208E+03
4.200 4.144E+03
4.300 4.082E+03
4.400 4.021E+03
4.500 3.963E+03
4.600 3.906E+03
4.700 3.851E+03
4.800 3.798E+03
4.900 3.746E+03
5.000 3.695E+03
5.100 3.646E+03
5.200 3.598E+03
5.300 3.551E+03
5.400 3.506E+03
5.500 3.462E+03
5.600 3.419E+03
5.700 3.377E+03
5.800 3.336E+03
5.900 3.296E+03
6.000 3.257E+03
6.100 3.218E+03
6.200 3.181E+03
6.300 3.145E+03
6.400 3.109E+03
6.500 3.075E+03
6.600 3.041E+03
6.700 3.008E+03
6.800 2.975E+03
6.900 2.944E+03
7.000 2.913E+03
7.100 2.882E+03
7.200 2.853E+03
7.300 2.824E+03
7.400 2.795E+03
7.500 2.767E+03
7.600 2.740E+03
7.700 2.713E+03
7.800 2.687E+03
7.900 2.661E+03
8.000 2.636E+03
8.100 2.612E+03
8.200 2.588E+03
8.300 2.564E+03
8.400 2.541E+03
8.500 2.518E+03
8.600 2.496E+03
8.700 2.474E+03
8.800 2.452E+03
8.900 2.431E+03
9.000 2.410E+03
9.100 2.390E+03
9.200 2.370E+03
9.300 2.350E+03
9.400 2.331E+03
9.500 2.312E+03
9.600 2.293E+03
9.700 2.274E+03
9.800 2.256E+03
9.900 2.239E+03
10.000 2.221E+03
11.000 2.061E+03
12.000 1.924E+03
13.000 1.806E+03
14.000 1.702E+03
15.000 1.610E+03
16.000 1.529E+03
17.000 1.456E+03
18.000 1.390E+03
19.000 1.331E+03
20.000 1.276E+03
21.000 1.227E+03
22.000 1.182E+03
23.000 1.140E+03
24.000 1.101E+03
25.000 1.065E+03
26.000 1.032E+03
27.000 1.001E+03
28.000 9.717E+02
29.000 9.445E+02
30.000 9.190E+02
31.000 8.950E+02
32.000 8.724E+02
33.000 8.510E+02
34.000 8.307E+02
35.000 8.115E+02
36.000 7.933E+02
37.000 7.760E+02
38.000 7.596E+02
39.000 7.439E+02
40.000 7.289E+02
41.000 7.147E+02
42.000 7.010E+02
43.000 6.879E+02
44.000 6.754E+02
45.000 6.634E+02
46.000 6.519E+02
47.000 6.408E+02
48.000 6.302E+02
49.000 6.199E+02
50.000 6.101E+02
51.000 6.006E+02
52.000 5.914E+02
53.000 5.826E+02
54.000 5.740E+02
55.000 5.658E+02
56.000 5.578E+02
57.000 5.501E+02
58.000 5.426E+02
59.000 5.354E+02
60.000 5.284E+02
61.000 5.216E+02
62.000 5.150E+02
63.000 5.086E+02
64.000 5.024E+02
65.000 4.963E+02
66.000 4.905E+02
67.000 4.848E+02
68.000 4.792E+02
69.000 4.738E+02
70.000 4.686E+02
71.000 4.635E+02
72.000 4.585E+02
73.000 4.537E+02
74.000 4.489E+02
75.000 4.443E+02
76.000 4.398E+02
77.000 4.354E+02
78.000 4.311E+02
79.000 4.270E+02
80.000 4.229E+02
81.000 4.189E+02
82.000 4.150E+02
83.000 4.112E+02
84.000 4.074E+02
85.000 4.038E+02
86.000 4.002E+02
87.000 3.968E+02
88.000 3.934E+02
89.000 3.900E+02
90.000 3.867E+02
91.000 3.835E+02
92.000 3.804E+02
93.000 3.773E+02
94.000 3.743E+02
95.000 3.714E+02
96.000 3.685E+02
97.000 3.656E+02
98.000 3.629E+02
99.000 3.601E+02
100.000 3.574E+02
101.000 3.548E+02
102.000 3.522E+02
103.000 3.497E+02
104.000 3.472E+02
105.000 3.448E+02
106.000 3.424E+02
107.000 3.400E+02
108.000 3.377E+02
109.000 3.354E+02
110.000 3.332E+02
111.000 3.310E+02
112.000 3.288E+02
113.000 3.267E+02
114.000 3.246E+02
115.000 3.226E+02
116.000 3.205E+02
117.000 3.185E+02
118.000 3.166E+02
119.000 3.147E+02
120.000 3.128E+02
121.000 3.109E+02
122.000 3.091E+02
123.000 3.072E+02
124.000 3.055E+02
125.000 3.037E+02
126.000 3.020E+02
127.000 3.003E+02
128.000 2.986E+02
129.000 2.970E+02
130.000 2.953E+02
131.000 2.937E+02
132.000 2.921E+02
133.000 2.906E+02
134.000 2.890E+02
135.000 2.875E+02
136.000 2.860E+02
137.000 2.846E+02
138.000 2.831E+02
139.000 2.817E+02
140.000 2.803E+02
141.000 2.789E+02
142.000 2.775E+02
143.000 2.761E+02
144.000 2.748E+02
145.000 2.735E+02
146.000 2.722E+02
147.000 2.709E+02
148.000 2.696E+02
149.000 2.684E+02
150.000 2.671E+02
151.000 2.659E+02
152.000 2.647E+02
153.000 2.635E+02
154.000 2.623E+02
155.000 2.612E+02
156.000 2.600E+02
157.000 2.589E+02
158.000 2.578E+02
159.000 2.567E+02
160.000 2.556E+02
161.000 2.545E+02
162.000 2.534E+02
163.000 2.524E+02
164.000 2.513E+02
165.000 2.503E+02
166.000 2.493E+02
167.000 2.483E+02
168.000 2.473E+02
169.000 2.463E+02
170.000 2.453E+02
171.000 2.443E+02
172.000 2.434E+02
173.000 2.425E+02
174.000 2.415E+02
175.000 2.406E+02
176.000 2.397E+02
177.000 2.388E+02
178.000 2.379E+02
179.000 2.370E+02
180.000 2.361E+02
181.000 2.353E+02
182.000 2.344E+02
183.000 2.336E+02
184.000 2.328E+02
185.000 2.319E+02
186.000 2.311E+02
187.000 2.303E+02
188.000 2.295E+02
189.000 2.287E+02
190.000 2.279E+02
191.000 2.271E+02
192.000 2.264E+02
193.000 2.256E+02
194.000 2.249E+02
195.000 2.241E+02
196.000 2.234E+02
197.000 2.226E+02
198.000 2.219E+02
199.000 2.212E+02
200.000 2.205E+02
201.000 2.198E+02
202.000 2.191E+02
203.000 2.184E+02
204.000 2.177E+02
205.000 2.170E+02
206.000 2.164E+02
207.000 2.157E+02
208.000 2.150E+02
209.000 2.144E+02
210.000 2.137E+02
211.000 2.131E+02
212.000 2.125E+02
213.000 2.118E+02
214.000 2.112E+02
215.000 2.106E+02
216.000 2.100E+02
217.000 2.094E+02
218.000 2.088E+02
219.000 2.082E+02
220.000 2.076E+02
221.000 2.070E+02
222.000 2.064E+02
223.000 2.058E+02
224.000 2.053E+02
225.000 2.047E+02
226.000 2.041E+02
227.000 2.036E+02
228.000 2.030E+02
229.000 2.025E+02
230.000 2.020E+02
231.000 2.014E+02
232.000 2.009E+02
233.000 2.004E+02
234.000 1.998E+02
235.000 1.993E+02
236.000 1.988E+02
237.000 1.983E+02
238.000 1.978E+02
239.000 1.973E+02
240.000 1.968E+02
241.000 1.963E+02
242.000 1.958E+02
243.000 1.953E+02
244.000 1.948E+02
245.000 1.944E+02
246.000 1.939E+02
247.000 1.934E+02
248.000 1.929E+02
249.000 1.925E+02
250.000 1.920E+02
251.000 1.916E+02
252.000 1.911E+02
253.000 1.907E+02
254.000 1.902E+02
255.000 1.898E+02
256.000 1.893E+02
257.000 1.889E+02
258.000 1.885E+02
259.000 1.880E+02
260.000 1.876E+02
261.000 1.872E+02
262.000 1.868E+02
263.000 1.863E+02
264.000 1.859E+02
265.000 1.855E+02
266.000 1.851E+02
267.000 1.847E+02
268.000 1.843E+02
269.000 1.839E+02
270.000 1.835E+02
271.000 1.831E+02
272.000 1.827E+02
273.000 1.823E+02
274.000 1.820E+02
275.000 1.816E+02
276.000 1.812E+02
277.000 1.808E+02
278.000 1.805E+02
279.000 1.801E+02
280.000 1.797E+02
281.000 1.794E+02
282.000 1.790E+02
283.000 1.786E+02
284.000 1.783E+02
285.000 1.779E+02
286.000 1.776E+02
287.000 1.772E+02
288.000 1.769E+02
289.000 1.765E+02
290.000 1.762E+02
291.000 1.758E+02
292.000 1.755E+02
293.000 1.752E+02
294.000 1.748E+02
295.000 1.745E+02
296.000 1.742E+02
297.000 1.739E+02
298.000 1.735E+02
299.000 1.732E+02
300.000 1.729E+02
301.000 1.726E+02
302.000 1.723E+02
303.000 1.719E+02
304.000 1.716E+02
305.000 1.713E+02
306.000 1.710E+02
307.000 1.707E+02
308.000 1.704E+02
309.000 1.701E+02
310.000 1.698E+02
311.000 1.695E+02
312.000 1.692E+02
313.000 1.689E+02
314.000 1.686E+02
315.000 1.683E+02
316.000 1.681E+02
317.000 1.678E+02
318.000 1.675E+02
319.000 1.672E+02
320.000 1.669E+02
321.000 1.666E+02
322.000 1.664E+02
323.000 1.661E+02
324.000 1.658E+02
325.000 1.655E+02
326.000 1.653E+02
327.000 1.650E+02
328.000 1.647E+02
329.000 1.645E+02
330.000 1.642E+02
331.000 1.639E+02
332.000 1.637E+02
333.000 1.634E+02
334.000 1.632E+02
335.000 1.629E+02
336.000 1.626E+02
337.000 1.624E+02
338.000 1.621E+02
339.000 1.619E+02
340.000 1.616E+02
341.000 1.614E+02
342.000 1.612E+02
343.000 1.609E+02
344.000 1.607E+02
345.000 1.604E+02
346.000 1.602E+02
347.000 1.599E+02
348.000 1.597E+02
349.000 1.595E+02
350.000 1.592E+02
351.000 1.590E+02
352.000 1.588E+02
353.000 1.585E+02
354.000 1.583E+02
355.000 1.581E+02
356.000 1.579E+02
357.000 1.576E+02
358.000 1.574E+02
359.000 1.572E+02
360.000 1.570E+02
361.000 1.567E+02
362.000 1.565E+02
363.000 1.563E+02
364.000 1.561E+02
365.000 1.559E+02
366.000 1.557E+02
367.000 1.554E+02
368.000 1.552E+02
369.000 1.550E+02
370.000 1.548E+02
371.000 1.546E+02
372.000 1.544E+02
373.000 1.542E+02
374.000 1.540E+02
375.000 1.538E+02
376.000 1.536E+02
377.000 1.534E+02
378.000 1.532E+02
379.000 1.530E+02
380.000 1.528E+02
381.000 1.526E+02
382.000 1.524E+02
383.000 1.522E+02
384.000 1.520E+02
385.000 1.518E+02
386.000 1.516E+02
387.000 1.514E+02
388.000 1.512E+02
389.000 1.510E+02
390.000 1.508E+02
391.000 1.507E+02
392.000 1.505E+02
393.000 1.503E+02
394.000 1.501E+02
395.000 1.499E+02
396.000 1.497E+02
397.000 1.496E+02
398.000 1.494E+02
399.000 1.492E+02
400.000 1.490E+02
401.000 1.488E+02
402.000 1.487E+02
403.000 1.485E+02
404.000 1.483E+02
405.000 1.481E+02
406.000 1.480E+02
407.000 1.478E+02
408.000 1.476E+02
409.000 1.474E+02
410.000 1.473E+02
411.000 1.471E+02
412.000 1.469E+02
413.000 1.468E+02
414.000 1.466E+02
415.000 1.464E+02
416.000 1.463E+02
417.000 1.461E+02
418.000 1.460E+02
419.000 1.458E+02
420.000 1.456E+02
421.000 1.455E+02
422.000 1.453E+02
423.000 1.452E+02
424.000 1.450E+02
425.000 1.448E+02
426.000 1.447E+02
427.000 1.445E+02
428.000 1.444E+02
429.000 1.442E+02
430.000 1.441E+02
431.000 1.439E+02
432.000 1.438E+02
433.000 1.436E+02
434.000 1.435E+02
435.000 1.433E+02
436.000 1.432E+02
437.000 1.430E+02
438.000 1.429E+02
439.000 1.427E+02
440.000 1.426E+02
441.000 1.424E+02
442.000 1.423E+02
443.000 1.421E+02
444.000 1.420E+02
445.000 1.418E+02
446.000 1.417E+02
447.000 1.416E+02
448.000 1.414E+02
449.000 1.413E+02
450.000 1.411E+02
451.000 1.410E+02
452.000 1.409E+02
453.000 1.407E+02
454.000 1.406E+02
455.000 1.404E+02
456.000 1.403E+02
457.000 1.402E+02
458.000 1.400E+02
459.000 1.399E+02
460.000 1.398E+02
461.000 1.396E+02
462.000 1.395E+02
463.000 1.394E+02
464.000 1.392E+02
465.000 1.391E+02
466.000 1.390E+02
467.000 1.389E+02
468.000 1.387E+02
469.000 1.386E+02
470.000 1.385E+02
471.000 1.383E+02
472.000 1.382E+02
473.000 1.381E+02
474.000 1.380E+02
475.000 1.378E+02
476.000 1.377E+02
477.000 1.376E+02
478.000 1.375E+02
479.000 1.373E+02
480.000 1.372E+02
481.000 1.371E+02
482.000 1.370E+02
483.000 1.369E+02
484.000 1.367E+02
485.000 1.366E+02
486.000 1.365E+02
487.000 1.364E+02
488.000 1.363E+02
489.000 1.362E+02
490.000 1.360E+02
491.000 1.359E+02
492.000 1.358E+02
493.000 1.357E+02
494.000 1.356E+02
495.000 1.355E+02
496.000 1.353E+02
497.000 1.352E+02
498.000 1.351E+02
499.000 1.350E+02
500.000 1.349E+02
501.000 1.348E+02
502.000 1.347E+02
503.000 1.346E+02
504.000 1.345E+02
505.000 1.343E+02
506.000 1.342E+02
507.000 1.341E+02
508.000 1.340E+02
509.000 1.339E+02
510.000 1.338E+02
511.000 1.337E+02
512.000 1.336E+02
513.000 1.335E+02
514.000 1.334E+02
515.000 1.333E+02
516.000 1.332E+02
517.000 1.331E+02
518.000 1.330E+02
519.000 1.329E+02
520.000 1.328E+02
521.000 1.326E+02
522.000 1.325E+02
523.000 1.324E+02
524.000 1.323E+02
525.000 1.322E+02
526.000 1.321E+02
527.000 1.320E+02
528.000 1.319E+02
529.000 1.318E+02
530.000 1.317E+02
531.000 1.316E+02
532.000 1.315E+02
533.000 1.315E+02
534.000 1.314E+02
535.000 1.313E+02
536.000 1.312E+02
537.000 1.311E+02
538.000 1.310E+02
539.000 1.309E+02
540.000 1.308E+02
541.000 1.307E+02
542.000 1.306E+02
543.000 1.305E+02
544.000 1.304E+02
545.000 1.303E+02
546.000 1.302E+02
547.000 1.301E+02
548.000 1.300E+02
549.000 1.299E+02
550.000 1.299E+02
551.000 1.298E+02
552.000 1.297E+02
553.000 1.296E+02
554.000 1.295E+02
555.000 1.294E+02
556.000 1.293E+02
557.000 1.292E+02
558.000 1.291E+02
559.000 1.290E+02
560.000 1.290E+02
561.000 1.289E+02
562.000 1.288E+02
563.000 1.287E+02
564.000 1.286E+02
565.000 1.285E+02
566.000 1.284E+02
567.000 1.284E+02
568.000 1.283E+02
569.000 1.282E+02
570.000 1.281E+02
571.000 1.280E+02
572.000 1.279E+02
573.000 1.279E+02
574.000 1.278E+02
575.000 1.277E+02
576.000 1.276E+02
577.000 1.275E+02
578.000 1.274E+02
579.000 1.274E+02
580.000 1.273E+02
581.000 1.272E+02
582.000 1.271E+02
583.000 1.270E+02
584.000 1.270E+02
585.000 1.269E+02
586.000 1.268E+02
587.000 1.267E+02
588.000 1.266E+02
589.000 1.266E+02
590.000 1.265E+02
591.000 1.264E+02
592.000 1.263E+02
593.000 1.262E+02
594.000 1.262E+02
595.000 1.261E+02
596.000 1.260E+02
597.000 1.259E+02
598.000 1.259E+02
599.000 1.258E+02
600.000 1.257E+02
601.000 1.256E+02
602.000 1.256E+02
603.000 1.255E+02
604.000 1.254E+02
605.000 1.253E+02
606.000 1.253E+02
607.000 1.252E+02
608.000 1.251E+02
609.000 1.251E+02
610.000 1.250E+02
611.000 1.249E+02
612.000 1.248E+02
613.000 1.248E+02
614.000 1.247E+02
615.000 1.246E+02
616.000 1.245E+02
617.000 1.245E+02
618.000 1.244E+02
619.000 1.243E+02
620.000 1.243E+02
621.000 1.242E+02
622.000 1.241E+02
623.000 1.241E+02
624.000 1.240E+02
625.000 1.239E+02
626.000 1.239E+02
627.000 1.238E+02
628.000 1.237E+02
629.000 1.236E+02
630.000 1.236E+02
631.000 1.235E+02
632.000 1.234E+02
633.000 1.234E+02
634.000 1.233E+02
635.000 1.232E+02
636.000 1.232E+02
637.000 1.231E+02
638.000 1.230E+02
639.000 1.230E+02
640.000 1.229E+02
641.000 1.229E+02
642.000 1.228E+02
643.000 1.227E+02
644.000 1.227E+02
645.000 1.226E+02
646.000 1.225E+02
647.000 1.225E+02
648.000 1.224E+02
649.000 1.223E+02
650.000 1.223E+02
651.000 1.222E+02
652.000 1.222E+02
653.000 1.221E+02
654.000 1.220E+02
655.000 1.220E+02
656.000 1.219E+02
657.000 1.218E+02
658.000 1.218E+02
659.000 1.217E+02
660.000 1.217E+02
661.000 1.216E+02
662.000 1.215E+02
663.000 1.215E+02
664.000 1.214E+02
665.000 1.214E+02
666.000 1.213E+02
667.000 1.212E+02
668.000 1.212E+02
669.000 1.211E+02
670.000 1.211E+02
671.000 1.210E+02
672.000 1.209E+02
673.000 1.209E+02
674.000 1.208E+02
675.000 1.208E+02
676.000 1.207E+02
677.000 1.207E+02
678.000 1.206E+02
679.000 1.205E+02
680.000 1.205E+02
681.000 1.204E+02
682.000 1.204E+02
683.000 1.203E+02
684.000 1.203E+02
685.000 1.202E+02
686.000 1.201E+02
687.000 1.201E+02
688.000 1.200E+02
689.000 1.200E+02
690.000 1.199E+02
691.000 1.199E+02
692.000 1.198E+02
693.000 1.198E+02
694.000 1.197E+02
695.000 1.197E+02
696.000 1.196E+02
697.000 1.195E+02
698.000 1.195E+02
699.000 1.194E+02
700.000 1.194E+02
701.000 1.193E+02
702.000 1.193E+02
703.000 1.192E+02
704.000 1.192E+02
705.000 1.191E+02
706.000 1.191E+02
707.000 1.190E+02
708.000 1.190E+02
709.000 1.189E+02
710.000 1.189E+02
711.000 1.188E+02
712.000 1.188E+02
713.000 1.187E+02
714.000 1.187E+02
715.000 1.186E+02
716.000 1.186E+02
717.000 1.185E+02
718.000 1.185E+02
719.000 1.184E+02
720.000 1.184E+02
721.000 1.183E+02
722.000 1.183E+02
723.000 1.182E+02
724.000 1.182E+02
725.000 1.181E+02
726.000 1.181E+02
727.000 1.180E+02
728.000 1.180E+02
729.000 1.179E+02
730.000 1.179E+02
731.000 1.178E+02
732.000 1.178E+02
733.000 1.177E+02
734.000 1.177E+02
735.000 1.176E+02
736.000 1.176E+02
737.000 1.175E+02
738.000 1.175E+02
739.000 1.174E+02
740.000 1.174E+02
741.000 1.173E+02
742.000 1.173E+02
743.000 1.173E+02
744.000 1.172E+02
745.000 1.172E+02
746.000 1.171E+02
747.000 1.171E+02
748.000 1.170E+02
749.000 1.170E+02
750.000 1.169E+02
751.000 1.169E+02
752.000 1.168E+02
753.000 1.168E+02
754.000 1.168E+02
755.000 1.167E+02
756.000 1.167E+02
757.000 1.166E+02
758.000 1.166E+02
759.000 1.165E+02
760.000 1.165E+02
761.000 1.164E+02
762.000 1.164E+02
763.000 1.164E+02
764.000 1.163E+02
765.000 1.163E+02
766.000 1.162E+02
767.000 1.162E+02
768.000 1.161E+02
769.000 1.161E+02
770.000 1.161E+02
771.000 1.160E+02
772.000 1.160E+02
773.000 1.159E+02
774.000 1.159E+02
775.000 1.158E+02
776.000 1.158E+02
777.000 1.158E+02
778.000 1.157E+02
779.000 1.157E+02
780.000 1.156E+02
781.000 1.156E+02
782.000 1.156E+02
783.000 1.155E+02
784.000 1.155E+02
785.000 1.154E+02
786.000 1.154E+02
787.000 1.154E+02
788.000 1.153E+02
789.000 1.153E+02
790.000 1.152E+02
791.000 1.152E+02
792.000 1.152E+02
793.000 1.151E+02
794.000 1.151E+02
795.000 1.150E+02
796.000 1.150E+02
797.000 1.150E+02
798.000 1.149E+02
799.000 1.149E+02
800.000 1.148E+02
801.000 1.148E+02
802.000 1.148E+02
803.000 1.147E+02
804.000 1.147E+02
805.000 1.146E+02
806.000 1.146E+02
807.000 1.146E+02
808.000 1.145E+02
809.000 1.145E+02
810.000 1.145E+02
811.000 1.144E+02
812.000 1.144E+02
813.000 1.143E+02
814.000 1.143E+02
815.000 1.143E+02
816.000 1.142E+02
817.000 1.142E+02
818.000 1.142E+02
819.000 1.141E+02
820.000 1.141E+02
821.000 1.140E+02
822.000 1.140E+02
823.000 1.140E+02
824.000 1.139E+02
825.000 1.139E+02
826.000 1.139E+02
827.000 1.138E+02
828.000 1.138E+02
829.000 1.138E+02
830.000 1.137E+02
831.000 1.137E+02
832.000 1.137E+02
833.000 1.136E+02
834.000 1.136E+02
835.000 1.135E+02
836.000 1.135E+02
837.000 1.135E+02
838.000 1.134E+02
839.000 1.134E+02
840.000 1.134E+02
841.000 1.133E+02
842.000 1.133E+02
843.000 1.133E+02
844.000 1.132E+02
845.000 1.132E+02
846.000 1.132E+02
847.000 1.131E+02
848.000 1.131E+02
849.000 1.131E+02
850.000 1.130E+02
851.000 1.130E+02
852.000 1.130E+02
853.000 1.129E+02
854.000 1.129E+02
855.000 1.129E+02
856.000 1.128E+02
857.000 1.128E+02
858.000 1.128E+02
859.000 1.127E+02
860.000 1.127E+02
861.000 1.127E+02
862.000 1.126E+02
863.000 1.126E+02
864.000 1.126E+02
865.000 1.125E+02
866.000 1.125E+02
867.000 1.125E+02
868.000 1.125E+02
869.000 1.124E+02
870.000 1.124E+02
871.000 1.124E+02
872.000 1.123E+02
873.000 1.123E+02
874.000 1.123E+02
875.000 1.122E+02
876.000 1.122E+02
877.000 1.122E+02
878.000 1.121E+02
879.000 1.121E+02
880.000 1.121E+02
881.000 1.121E+02
882.000 1.120E+02
883.000 1.120E+02
884.000 1.120E+02
885.000 1.119E+02
886.000 1.119E+02
887.000 1.119E+02
888.000 1.118E+02
889.000 1.118E+02
890.000 1.118E+02
891.000 1.118E+02
892.000 1.117E+02
893.000 1.117E+02
894.000 1.117E+02
895.000 1.116E+02
896.000 1.116E+02
897.000 1.116E+02
898.000 1.116E+02
899.000 1.115E+02
900.000 1.115E+02
901.000 1.115E+02
902.000 1.114E+02
903.000 1.114E+02
904.000 1.114E+02
905.000 1.114E+02
906.000 1.113E+02
907.000 1.113E+02
908.000 1.113E+02
909.000 1.112E+02
910.000 1.112E+02
911.000 1.112E+02
912.000 1.112E+02
913.000 1.111E+02
914.000 1.111E+02
915.000 1.111E+02
916.000 1.110E+02
917.000 1.110E+02
918.000 1.110E+02
919.000 1.110E+02
920.000 1.109E+02
921.000 1.109E+02
922.000 1.109E+02
923.000 1.109E+02
924.000 1.108E+02
925.000 1.108E+02
926.000 1.108E+02
927.000 1.108E+02
928.000 1.107E+02
929.000 1.107E+02
930.000 1.107E+02
931.000 1.106E+02
932.000 1.106E+02
933.000 1.106E+02
934.000 1.106E+02
935.000 1.105E+02
936.000 1.105E+02
937.000 1.105E+02
938.000 1.105E+02
939.000 1.104E+02
940.000 1.104E+02
941.000 1.104E+02
942.000 1.104E+02
943.000 1.103E+02
944.000 1.103E+02
945.000 1.103E+02
946.000 1.103E+02
947.000 1.102E+02
948.000 1.102E+02
949.000 1.102E+02
950.000 1.101E+02
951.000 1.101E+02
952.000 1.101E+02
953.000 1.101E+02
954.000 1.100E+02
955.000 1.100E+02
956.000 1.100E+02
957.000 1.100E+02
958.000 1.099E+02
959.000 1.099E+02
960.000 1.099E+02
961.000 1.099E+02
962.000 1.098E+02
963.000 1.098E+02
964.000 1.098E+02
965.000 1.098E+02
966.000 1.097E+02
967.000 1.097E+02
968.000 1.097E+02
969.000 1.097E+02
970.000 1.096E+02
971.000 1.096E+02
972.000 1.096E+02
973.000 1.096E+02
974.000 1.095E+02
975.000 1.095E+02
976.000 1.095E+02
977.000 1.095E+02
978.000 1.094E+02
979.000 1.094E+02
980.000 1.094E+02
981.000 1.094E+02
982.000 1.093E+02
983.000 1.093E+02
984.000 1.093E+02
985.000 1.093E+02
986.000 1.092E+02
987.000 1.092E+02
988.000 1.092E+02
989.000 1.092E+02
990.000 1.091E+02
991.000 1.091E+02
992.000 1.091E+02
993.000 1.091E+02
994.000 1.090E+02
995.000 1.090E+02
996.000 1.090E+02
997.000 1.090E+02
998.000 1.089E+02
999.000 1.089E+02
