0.010 2.161E+03
0.020 3.267E+03
0.030 4.194E+03
0.040 5.014E+03
0.050 5.757E+03
0.060 6.437E+03
0.070 7.064E+03
0.080 7.641E+03
0.090 8.171E+03
0.100 8.658E+03
0.110 9.104E+03
0.120 9.510E+03
0.130 9.880E+03
0.140 1.022E+04
0.150 1.052E+04
0.160 1.079E+04
0.170 1.103E+04
0.180 1.125E+04
0.190 1.144E+04
0.200 1.161E+04
0.210 1.176E+04
0.220 1.189E+04
0.230 1.201E+04
0.240 1.211E+04
0.250 1.219E+04
0.260 1.226E+04
0.270 1.231E+04
0.280 1.234E+04
0.290 1.237E+04
0.300 1.239E+04
0.310 1.239E+04
0.320 1.239E+04
0.330 1.239E+04
0.340 1.237E+04
0.350 1.236E+04
0.360 1.234E+04
0.370 1.231E+04
0.380 1.228E+04
0.390 1.225E+04
0.400 1.222E+04
0.410 1.219E+04
0.420 1.215E+04
0.430 1.211E+04
0.440 1.207E+04
0.450 1.203E+04
0.460 1.199E+04
0.470 1.195E+04
0.480 1.190E+04
0.490 1.186E+04
0.500 1.181E+04
0.510 1.177E+04
0.520 1.172E+04
0.530 1.167E+04
0.540 1.163E+04
0.550 1.158E+04
0.560 1.154E+04
0.570 1.149E+04
0.580 1.145E+04
0.590 1.141E+04
0.600 1.136E+04
0.610 1.132E+04
0.620 1.128E+04
0.630 1.123E+04
0.640 1.119E+04
0.650 1.115E+04
0.660 1.111E+04
0.670 1.107E+04
0.680 1.103E+04
0.690 1.099E+04
0.700 1.095E+04
0.710 1.091E+04
0.720 1.087E+04
0.730 1.083E+04
0.740 1.079E+04
0.750 1.076E+04
0.760 1.072E+04
0.770 1.068E+04
0.780 1.064E+04
0.790 1.061E+04
0.800 1.057E+04
0.810 1.054E+04
0.820 1.050E+04
0.830 1.047E+04
0.840 1.043E+04
0.850 1.040E+04
0.860 1.036E+04
0.870 1.033E+04
0.880 1.030E+04
0.890 1.026E+04
0.900 1.023E+04
0.910 1.020E+04
0.920 1.017E+04
0.930 1.013E+04
0.940 1.010E+04
0.950 1.007E+04
0.960 1.004E+04
0.970 1.001E+04
0.980 9.977E+03
0.990 9.947E+03
1.000 9.916E+03
1.100 9.624E+03
1.200 9.353E+03
1.300 9.100E+03
1.400 8.862E+03
1.500 8.640E+03
1.600 8.428E+03
1.700 8.227E+03
1.800 8.036E+03
1.900 7.856E+03
2.000 7.684E+03
2.100 7.520E+03
2.200 7.364E+03
2.300 7.215E+03
2.400 7.072E+03
2.500 6.935E+03
2.600 6.803E+03
2.700 6.676E+03
2.800 6.554E+03
2.900 6.437E+03
3.000 6.324E+03
3.100 6.215E+03
3.200 6.110E+03
3.300 6.009E+03
3.400 5.910E+03
3.500 5.815E+03
3.600 5.723E+03
3.700 5.634E+03
3.800 5.548E+03
3.900 5.465E+03
4.000 5.384E+03
4.100 5.305E+03
4.200 5.229E+03
4.300 5.155E+03
4.400 5.083E+03
4.500 5.013E+03
4.600 4.945E+03
4.700 4.879E+03
4.800 4.815E+03
4.900 4.753E+03
5.000 4.692E+03
5.100 4.632E+03
5.200 4.575E+03
5.300 4.518E+03
5.400 4.463E+03
5.500 4.410E+03
5.600 4.357E+03
5.700 4.306E+03
5.800 4.257E+03
5.900 4.208E+03
6.000 4.160E+03
6.100 4.114E+03
6.200 4.068E+03
6.300 4.024E+03
6.400 3.980E+03
6.500 3.938E+03
6.600 3.896E+03
6.700 3.856E+03
6.800 3.816E+03
6.900 3.777E+03
7.000 3.738E+03
7.100 3.701E+03
7.200 3.664E+03
7.300 3.629E+03
7.400 3.593E+03
7.500 3.559E+03
7.600 3.525E+03
7.700 3.492E+03
7.800 3.459E+03
7.900 3.428E+03
8.000 3.396E+03
8.100 3.366E+03
8.200 3.336E+03
8.300 3.306E+03
8.400 3.277E+03
8.500 3.249E+03
8.600 3.221E+03
8.700 3.193E+03
8.800 3.166E+03
8.900 3.140E+03
9.000 3.114E+03
9.100 3.088E+03
9.200 3.063E+03
9.300 3.038E+03
9.400 3.014E+03
9.500 2.990E+03
9.600 2.967E+03
9.700 2.943E+03
9.800 2.921E+03
9.900 2.898E+03
10.000 2.876E+03
11.000 2.674E+03
12.000 2.500E+03
13.000 2.348E+03
14.000 2.215E+03
15.000 2.097E+03
16.000 1.992E+03
17.000 1.898E+03
18.000 1.813E+03
19.000 1.736E+03
20.000 1.665E+03
21.000 1.601E+03
22.000 1.542E+03
23.000 1.488E+03
24.000 1.437E+03
25.000 1.391E+03
26.000 1.347E+03
27.000 1.307E+03
28.000 1.269E+03
29.000 1.233E+03
30.000 1.200E+03
31.000 1.169E+03
32.000 1.139E+03
33.000 1.111E+03
34.000 1.085E+03
35.000 1.060E+03
36.000 1.036E+03
37.000 1.014E+03
38.000 9.921E+02
39.000 9.716E+02
40.000 9.521E+02
41.000 9.334E+02
42.000 9.156E+02
43.000 8.985E+02
44.000 8.822E+02
45.000 8.665E+02
46.000 8.515E+02
47.000 8.370E+02
48.000 8.231E+02
49.000 8.097E+02
50.000 7.968E+02
51.000 7.844E+02
52.000 7.725E+02
53.000 7.609E+02
54.000 7.498E+02
55.000 7.390E+02
56.000 7.286E+02
57.000 7.185E+02
58.000 7.087E+02
59.000 6.993E+02
60.000 6.901E+02
61.000 6.812E+02
62.000 6.726E+02
63.000 6.643E+02
64.000 6.562E+02
65.000 6.483E+02
66.000 6.406E+02
67.000 6.332E+02
68.000 6.259E+02
69.000 6.189E+02
70.000 6.120E+02
71.000 6.054E+02
72.000 5.989E+02
73.000 5.925E+02
74.000 5.864E+02
75.000 5.803E+02
76.000 5.745E+02
77.000 5.687E+02
78.000 5.631E+02
79.000 5.577E+02
80.000 5.523E+02
81.000 5.471E+02
82.000 5.420E+02
83.000 5.370E+02
84.000 5.322E+02
85.000 5.274E+02
86.000 5.228E+02
87.000 5.182E+02
88.000 5.138E+02
89.000 5.094E+02
90.000 5.051E+02
91.000 5.010E+02
92.000 4.969E+02
93.000 4.928E+02
94.000 4.889E+02
95.000 4.850E+02
96.000 4.813E+02
97.000 4.776E+02
98.000 4.739E+02
99.000 4.704E+02
100.000 4.669E+02
101.000 4.634E+02
102.000 4.601E+02
103.000 4.567E+02
104.000 4.535E+02
105.000 4.503E+02
106.000 4.472E+02
107.000 4.441E+02
108.000 4.411E+02
109.000 4.381E+02
110.000 4.352E+02
111.000 4.323E+02
112.000 4.295E+02
113.000 4.267E+02
114.000 4.240E+02
115.000 4.213E+02
116.000 4.186E+02
117.000 4.161E+02
118.000 4.135E+02
119.000 4.110E+02
120.000 4.085E+02
121.000 4.061E+02
122.000 4.037E+02
123.000 4.013E+02
124.000 3.990E+02
125.000 3.967E+02
126.000 3.944E+02
127.000 3.922E+02
128.000 3.900E+02
129.000 3.879E+02
130.000 3.857E+02
131.000 3.836E+02
132.000 3.816E+02
133.000 3.795E+02
134.000 3.775E+02
135.000 3.756E+02
136.000 3.736E+02
137.000 3.717E+02
138.000 3.698E+02
139.000 3.679E+02
140.000 3.661E+02
141.000 3.642E+02
142.000 3.624E+02
143.000 3.607E+02
144.000 3.589E+02
145.000 3.572E+02
146.000 3.555E+02
147.000 3.538E+02
148.000 3.522E+02
149.000 3.505E+02
150.000 3.489E+02
151.000 3.473E+02
152.000 3.457E+02
153.000 3.442E+02
154.000 3.426E+02
155.000 3.411E+02
156.000 3.396E+02
157.000 3.381E+02
158.000 3.367E+02
159.000 3.352E+02
160.000 3.338E+02
161.000 3.324E+02
162.000 3.310E+02
163.000 3.296E+02
164.000 3.283E+02
165.000 3.269E+02
166.000 3.256E+02
167.000 3.243E+02
168.000 3.230E+02
169.000 3.217E+02
170.000 3.204E+02
171.000 3.191E+02
172.000 3.179E+02
173.000 3.167E+02
174.000 3.155E+02
175.000 3.143E+02
176.000 3.131E+02
177.000 3.119E+02
178.000 3.107E+02
179.000 3.096E+02
180.000 3.084E+02
181.000 3.073E+02
182.000 3.062E+02
183.000 3.051E+02
184.000 3.040E+02
185.000 3.029E+02
186.000 3.019E+02
187.000 3.008E+02
188.000 2.997E+02
189.000 2.987E+02
190.000 2.977E+02
191.000 2.967E+02
192.000 2.957E+02
193.000 2.947E+02
194.000 2.937E+02
195.000 2.927E+02
196.000 2.917E+02
197.000 2.908E+02
198.000 2.898E+02
199.000 2.889E+02
200.000 2.880E+02
201.000 2.871E+02
202.000 2.861E+02
203.000 2.852E+02
204.000 2.844E+02
205.000 2.835E+02
206.000 2.826E+02
207.000 2.817E+02
208.000 2.809E+02
209.000 2.800E+02
210.000 2.792E+02
211.000 2.783E+02
212.000 2.775E+02
213.000 2.767E+02
214.000 2.759E+02
215.000 2.751E+02
216.000 2.743E+02
217.000 2.735E+02
218.000 2.727E+02
219.000 2.719E+02
220.000 2.711E+02
221.000 2.704E+02
222.000 2.696E+02
223.000 2.689E+02
224.000 2.681E+02
225.000 2.674E+02
226.000 2.666E+02
227.000 2.659E+02
228.000 2.652E+02
229.000 2.645E+02
230.000 2.638E+02
231.000 2.631E+02
232.000 2.624E+02
233.000 2.617E+02
234.000 2.610E+02
235.000 2.603E+02
236.000 2.597E+02
237.000 2.590E+02
238.000 2.583E+02
239.000 2.577E+02
240.000 2.570E+02
241.000 2.564E+02
242.000 2.557E+02
243.000 2.551E+02
244.000 2.545E+02
245.000 2.539E+02
246.000 2.532E+02
247.000 2.526E+02
248.000 2.520E+02
249.000 2.514E+02
250.000 2.508E+02
251.000 2.502E+02
252.000 2.496E+02
253.000 2.490E+02
254.000 2.484E+02
255.000 2.479E+02
256.000 2.473E+02
257.000 2.467E+02
258.000 2.462E+02
259.000 2.456E+02
260.000 2.450E+02
261.000 2.445E+02
262.000 2.439E+02
263.000 2.434E+02
264.000 2.429E+02
265.000 2.423E+02
266.000 2.418E+02
267.000 2.413E+02
268.000 2.407E+02
269.000 2.402E+02
270.000 2.397E+02
271.000 2.392E+02
272.000 2.387E+02
273.000 2.382E+02
274.000 2.377E+02
275.000 2.372E+02
276.000 2.367E+02
277.000 2.362E+02
278.000 2.357E+02
279.000 2.352E+02
280.000 2.347E+02
281.000 2.343E+02
282.000 2.338E+02
283.000 2.333E+02
284.000 2.328E+02
285.000 2.324E+02
286.000 2.319E+02
287.000 2.315E+02
288.000 2.310E+02
289.000 2.306E+02
290.000 2.301E+02
291.000 2.297E+02
292.000 2.292E+02
293.000 2.288E+02
294.000 2.284E+02
295.000 2.279E+02
296.000 2.275E+02
297.000 2.271E+02
298.000 2.267E+02
299.000 2.262E+02
300.000 2.258E+02
301.000 2.254E+02
302.000 2.250E+02
303.000 2.246E+02
304.000 2.242E+02
305.000 2.238E+02
306.000 2.234E+02
307.000 2.230E+02
308.000 2.226E+02
309.000 2.222E+02
310.000 2.218E+02
311.000 2.214E+02
312.000 2.210E+02
313.000 2.206E+02
314.000 2.203E+02
315.000 2.199E+02
316.000 2.195E+02
317.000 2.191E+02
318.000 2.188E+02
319.000 2.184E+02
320.000 2.180E+02
321.000 2.177E+02
322.000 2.173E+02
323.000 2.169E+02
324.000 2.166E+02
325.000 2.162E+02
326.000 2.159E+02
327.000 2.155E+02
328.000 2.152E+02
329.000 2.148E+02
330.000 2.145E+02
331.000 2.141E+02
332.000 2.138E+02
333.000 2.134E+02
334.000 2.131E+02
335.000 2.128E+02
336.000 2.124E+02
337.000 2.121E+02
338.000 2.118E+02
339.000 2.115E+02
340.000 2.111E+02
341.000 2.108E+02
342.000 2.105E+02
343.000 2.102E+02
344.000 2.098E+02
345.000 2.095E+02
346.000 2.092E+02
347.000 2.089E+02
348.000 2.086E+02
349.000 2.083E+02
350.000 2.080E+02
351.000 2.077E+02
352.000 2.074E+02
353.000 2.071E+02
354.000 2.068E+02
355.000 2.065E+02
356.000 2.062E+02
357.000 2.059E+02
358.000 2.056E+02
359.000 2.053E+02
360.000 2.050E+02
361.000 2.047E+02
362.000 2.044E+02
363.000 2.041E+02
364.000 2.039E+02
365.000 2.036E+02
366.000 2.033E+02
367.000 2.030E+02
368.000 2.027E+02
369.000 2.025E+02
370.000 2.022E+02
371.000 2.019E+02
372.000 2.017E+02
373.000 2.014E+02
374.000 2.011E+02
375.000 2.009E+02
376.000 2.006E+02
377.000 2.003E+02
378.000 2.001E+02
379.000 1.998E+02
380.000 1.995E+02
381.000 1.993E+02
382.000 1.990E+02
383.000 1.988E+02
384.000 1.985E+02
385.000 1.983E+02
386.000 1.980E+02
387.000 1.978E+02
388.000 1.975E+02
389.000 1.973E+02
390.000 1.970E+02
391.000 1.968E+02
392.000 1.965E+02
393.000 1.963E+02
394.000 1.961E+02
395.000 1.958E+02
396.000 1.956E+02
397.000 1.953E+02
398.000 1.951E+02
399.000 1.949E+02
400.000 1.946E+02
401.000 1.944E+02
402.000 1.942E+02
403.000 1.939E+02
404.000 1.937E+02
405.000 1.935E+02
406.000 1.933E+02
407.000 1.930E+02
408.000 1.928E+02
409.000 1.926E+02
410.000 1.924E+02
411.000 1.921E+02
412.000 1.919E+02
413.000 1.917E+02
414.000 1.915E+02
415.000 1.913E+02
416.000 1.911E+02
417.000 1.908E+02
418.000 1.906E+02
419.000 1.904E+02
420.000 1.902E+02
421.000 1.900E+02
422.000 1.898E+02
423.000 1.896E+02
424.000 1.894E+02
425.000 1.892E+02
426.000 1.890E+02
427.000 1.888E+02
428.000 1.886E+02
429.000 1.884E+02
430.000 1.882E+02
431.000 1.880E+02
432.000 1.878E+02
433.000 1.876E+02
434.000 1.874E+02
435.000 1.872E+02
436.000 1.870E+02
437.000 1.868E+02
438.000 1.866E+02
439.000 1.864E+02
440.000 1.862E+02
441.000 1.860E+02
442.000 1.858E+02
443.000 1.856E+02
444.000 1.854E+02
445.000 1.853E+02
446.000 1.851E+02
447.000 1.849E+02
448.000 1.847E+02
449.000 1.845E+02
450.000 1.843E+02
451.000 1.842E+02
452.000 1.840E+02
453.000 1.838E+02
454.000 1.836E+02
455.000 1.834E+02
456.000 1.833E+02
457.000 1.831E+02
458.000 1.829E+02
459.000 1.827E+02
460.000 1.826E+02
461.000 1.824E+02
462.000 1.822E+02
463.000 1.820E+02
464.000 1.819E+02
465.000 1.817E+02
466.000 1.815E+02
467.000 1.814E+02
468.000 1.812E+02
469.000 1.810E+02
470.000 1.809E+02
471.000 1.807E+02
472.000 1.805E+02
473.000 1.804E+02
474.000 1.802E+02
475.000 1.800E+02
476.000 1.799E+02
477.000 1.797E+02
478.000 1.796E+02
479.000 1.794E+02
480.000 1.792E+02
481.000 1.791E+02
482.000 1.789E+02
483.000 1.788E+02
484.000 1.786E+02
485.000 1.784E+02
486.000 1.783E+02
487.000 1.781E+02
488.000 1.780E+02
489.000 1.778E+02
490.000 1.777E+02
491.000 1.775E+02
492.000 1.774E+02
493.000 1.772E+02
494.000 1.771E+02
495.000 1.769E+02
496.000 1.768E+02
497.000 1.766E+02
498.000 1.765E+02
499.000 1.763E+02
500.000 1.762E+02
501.000 1.760E+02
502.000 1.759E+02
503.000 1.758E+02
504.000 1.756E+02
505.000 1.755E+02
506.000 1.753E+02
507.000 1.752E+02
508.000 1.750E+02
509.000 1.749E+02
510.000 1.748E+02
511.000 1.746E+02
512.000 1.745E+02
513.000 1.743E+02
514.000 1.742E+02
515.000 1.741E+02
516.000 1.739E+02
517.000 1.738E+02
518.000 1.737E+02
519.000 1.735E+02
520.000 1.734E+02
521.000 1.733E+02
522.000 1.731E+02
523.000 1.730E+02
524.000 1.729E+02
525.000 1.727E+02
526.000 1.726E+02
527.000 1.725E+02
528.000 1.723E+02
529.000 1.722E+02
530.000 1.721E+02
531.000 1.719E+02
532.000 1.718E+02
533.000 1.717E+02
534.000 1.716E+02
535.000 1.714E+02
536.000 1.713E+02
537.000 1.712E+02
538.000 1.711E+02
539.000 1.709E+02
540.000 1.708E+02
541.000 1.707E+02
542.000 1.706E+02
543.000 1.704E+02
544.000 1.703E+02
545.000 1.702E+02
546.000 1.701E+02
547.000 1.700E+02
548.000 1.698E+02
549.000 1.697E+02
550.000 1.696E+02
551.000 1.695E+02
552.000 1.694E+02
553.000 1.692E+02
554.000 1.691E+02
555.000 1.690E+02
556.000 1.689E+02
557.000 1.688E+02
558.000 1.687E+02
559.000 1.686E+02
560.000 1.684E+02
561.000 1.683E+02
562.000 1.682E+02
563.000 1.681E+02
564.000 1.680E+02
565.000 1.679E+02
566.000 1.678E+02
567.000 1.676E+02
568.000 1.675E+02
569.000 1.674E+02
570.000 1.673E+02
571.000 1.672E+02
572.000 1.671E+02
573.000 1.670E+02
574.000 1.669E+02
575.000 1.668E+02
576.000 1.667E+02
577.000 1.666E+02
578.000 1.665E+02
579.000 1.663E+02
580.000 1.662E+02
581.000 1.661E+02
582.000 1.660E+02
583.000 1.659E+02
584.000 1.658E+02
585.000 1.657E+02
586.000 1.656E+02
587.000 1.655E+02
588.000 1.654E+02
589.000 1.653E+02
590.000 1.652E+02
591.000 1.651E+02
592.000 1.650E+02
593.000 1.649E+02
594.000 1.648E+02
595.000 1.647E+02
596.000 1.646E+02
597.000 1.645E+02
598.000 1.644E+02
599.000 1.643E+02
600.000 1.642E+02
601.000 1.641E+02
602.000 1.640E+02
603.000 1.639E+02
604.000 1.638E+02
605.000 1.637E+02
606.000 1.636E+02
607.000 1.635E+02
608.000 1.634E+02
609.000 1.633E+02
610.000 1.632E+02
611.000 1.631E+02
612.000 1.631E+02
613.000 1.630E+02
614.000 1.629E+02
615.000 1.628E+02
616.000 1.627E+02
617.000 1.626E+02
618.000 1.625E+02
619.000 1.624E+02
620.000 1.623E+02
621.000 1.622E+02
622.000 1.621E+02
623.000 1.620E+02
624.000 1.619E+02
625.000 1.619E+02
626.000 1.618E+02
627.000 1.617E+02
628.000 1.616E+02
629.000 1.615E+02
630.000 1.614E+02
631.000 1.613E+02
632.000 1.612E+02
633.000 1.611E+02
634.000 1.611E+02
635.000 1.610E+02
636.000 1.609E+02
637.000 1.608E+02
638.000 1.607E+02
639.000 1.606E+02
640.000 1.605E+02
641.000 1.605E+02
642.000 1.604E+02
643.000 1.603E+02
644.000 1.602E+02
645.000 1.601E+02
646.000 1.600E+02
647.000 1.600E+02
648.000 1.599E+02
649.000 1.598E+02
650.000 1.597E+02
651.000 1.596E+02
652.000 1.595E+02
653.000 1.595E+02
654.000 1.594E+02
655.000 1.593E+02
656.000 1.592E+02
657.000 1.591E+02
658.000 1.591E+02
659.000 1.590E+02
660.000 1.589E+02
661.000 1.588E+02
662.000 1.587E+02
663.000 1.587E+02
664.000 1.586E+02
665.000 1.585E+02
666.000 1.584E+02
667.000 1.584E+02
668.000 1.583E+02
669.000 1.582E+02
670.000 1.581E+02
671.000 1.580E+02
672.000 1.580E+02
673.000 1.579E+02
674.000 1.578E+02
675.000 1.577E+02
676.000 1.577E+02
677.000 1.576E+02
678.000 1.575E+02
679.000 1.574E+02
680.000 1.574E+02
681.000 1.573E+02
682.000 1.572E+02
683.000 1.571E+02
684.000 1.571E+02
685.000 1.570E+02
686.000 1.569E+02
687.000 1.569E+02
688.000 1.568E+02
689.000 1.567E+02
690.000 1.566E+02
691.000 1.566E+02
692.000 1.565E+02
693.000 1.564E+02
694.000 1.564E+02
695.000 1.563E+02
696.000 1.562E+02
697.000 1.561E+02
698.000 1.561E+02
699.000 1.560E+02
700.000 1.559E+02
701.000 1.559E+02
702.000 1.558E+02
703.000 1.557E+02
704.000 1.557E+02
705.000 1.556E+02
706.000 1.555E+02
707.000 1.555E+02
708.000 1.554E+02
709.000 1.553E+02
710.000 1.553E+02
711.000 1.552E+02
712.000 1.551E+02
713.000 1.551E+02
714.000 1.550E+02
715.000 1.549E+02
716.000 1.549E+02
717.000 1.548E+02
718.000 1.547E+02
719.000 1.547E+02
720.000 1.546E+02
721.000 1.545E+02
722.000 1.545E+02
723.000 1.544E+02
724.000 1.543E+02
725.000 1.543E+02
726.000 1.542E+02
727.000 1.541E+02
728.000 1.541E+02
729.000 1.540E+02
730.000 1.540E+02
731.000 1.539E+02
732.000 1.538E+02
733.000 1.538E+02
734.000 1.537E+02
735.000 1.536E+02
736.000 1.536E+02
737.000 1.535E+02
738.000 1.535E+02
739.000 1.534E+02
740.000 1.533E+02
741.000 1.533E+02
742.000 1.532E+02
743.000 1.532E+02
744.000 1.531E+02
745.000 1.530E+02
746.000 1.530E+02
747.000 1.529E+02
748.000 1.529E+02
749.000 1.528E+02
750.000 1.527E+02
751.000 1.527E+02
752.000 1.526E+02
753.000 1.526E+02
754.000 1.525E+02
755.000 1.524E+02
756.000 1.524E+02
757.000 1.523E+02
758.000 1.523E+02
759.000 1.522E+02
760.000 1.522E+02
761.000 1.521E+02
762.000 1.520E+02
763.000 1.520E+02
764.000 1.519E+02
765.000 1.519E+02
766.000 1.518E+02
767.000 1.518E+02
768.000 1.517E+02
769.000 1.516E+02
770.000 1.516E+02
771.000 1.515E+02
772.000 1.515E+02
773.000 1.514E+02
774.000 1.514E+02
775.000 1.513E+02
776.000 1.513E+02
777.000 1.512E+02
778.000 1.511E+02
779.000 1.511E+02
780.000 1.510E+02
781.000 1.510E+02
782.000 1.509E+02
783.000 1.509E+02
784.000 1.508E+02
785.000 1.508E+02
786.000 1.507E+02
787.000 1.507E+02
788.000 1.506E+02
789.000 1.506E+02
790.000 1.505E+02
791.000 1.505E+02
792.000 1.504E+02
793.000 1.503E+02
794.000 1.503E+02
795.000 1.502E+02
796.000 1.502E+02
797.000 1.501E+02
798.000 1.501E+02
799.000 1.500E+02
800.000 1.500E+02
801.000 1.499E+02
802.000 1.499E+02
803.000 1.498E+02
804.000 1.498E+02
805.000 1.497E+02
806.000 1.497E+02
807.000 1.496E+02
808.000 1.496E+02
809.000 1.495E+02
810.000 1.495E+02
811.000 1.494E+02
812.000 1.494E+02
813.000 1.493E+02
814.000 1.493E+02
815.000 1.492E+02
816.000 1.492E+02
817.000 1.492E+02
818.000 1.491E+02
819.000 1.491E+02
820.000 1.490E+02
821.000 1.490E+02
822.000 1.489E+02
823.000 1.489E+02
824.000 1.488E+02
825.000 1.488E+02
826.000 1.487E+02
827.000 1.487E+02
828.000 1.486E+02
829.000 1.486E+02
830.000 1.485E+02
831.000 1.485E+02
832.000 1.484E+02
833.000 1.484E+02
834.000 1.484E+02
835.000 1.483E+02
836.000 1.483E+02
837.000 1.482E+02
838.000 1.482E+02
839.000 1.481E+02
840.000 1.481E+02
841.000 1.480E+02
842.000 1.480E+02
843.000 1.479E+02
844.000 1.479E+02
845.000 1.479E+02
846.000 1.478E+02
847.000 1.478E+02
848.000 1.477E+02
849.000 1.477E+02
850.000 1.476E+02
851.000 1.476E+02
852.000 1.476E+02
853.000 1.475E+02
854.000 1.475E+02
855.000 1.474E+02
856.000 1.474E+02
857.000 1.473E+02
858.000 1.473E+02
859.000 1.473E+02
860.000 1.472E+02
861.000 1.472E+02
862.000 1.471E+02
863.000 1.471E+02
864.000 1.470E+02
865.000 1.470E+02
866.000 1.470E+02
867.000 1.469E+02
868.000 1.469E+02
869.000 1.468E+02
870.000 1.468E+02
871.000 1.468E+02
872.000 1.467E+02
873.000 1.467E+02
874.000 1.466E+02
875.000 1.466E+02
876.000 1.466E+02
877.000 1.465E+02
878.000 1.465E+02
879.000 1.464E+02
880.000 1.464E+02
881.000 1.464E+02
882.000 1.463E+02
883.000 1.463E+02
884.000 1.462E+02
885.000 1.462E+02
886.000 1.462E+02
887.000 1.461E+02
888.000 1.461E+02
889.000 1.460E+02
890.000 1.460E+02
891.000 1.460E+02
892.000 1.459E+02
893.000 1.459E+02
894.000 1.459E+02
895.000 1.458E+02
896.000 1.458E+02
897.000 1.457E+02
898.000 1.457E+02
899.000 1.457E+02
900.000 1.456E+02
901.000 1.456E+02
902.000 1.456E+02
903.000 1.455E+02
904.000 1.455E+02
905.000 1.454E+02
906.000 1.454E+02
907.000 1.454E+02
908.000 1.453E+02
909.000 1.453E+02
910.000 1.453E+02
911.000 1.452E+02
912.000 1.452E+02
913.000 1.452E+02
914.000 1.451E+02
915.000 1.451E+02
916.000 1.450E+02
917.000 1.450E+02
918.000 1.450E+02
919.000 1.449E+02
920.000 1.449E+02
921.000 1.449E+02
922.000 1.448E+02
923.000 1.448E+02
924.000 1.448E+02
925.000 1.447E+02
926.000 1.447E+02
927.000 1.447E+02
928.000 1.446E+02
929.000 1.446E+02
930.000 1.445E+02
931.000 1.445E+02
932.000 1.445E+02
933.000 1.444E+02
934.000 1.444E+02
935.000 1.444E+02
936.000 1.443E+02
937.000 1.443E+02
938.000 1.443E+02
939.000 1.442E+02
940.000 1.442E+02
941.000 1.442E+02
942.000 1.441E+02
943.000 1.441E+02
944.000 1.441E+02
945.000 1.440E+02
946.000 1.440E+02
947.000 1.440E+02
948.000 1.439E+02
949.000 1.439E+02
950.000 1.439E+02
951.000 1.438E+02
952.000 1.438E+02
953.000 1.438E+02
954.000 1.437E+02
955.000 1.437E+02
956.000 1.437E+02
957.000 1.436E+02
958.000 1.436E+02
959.000 1.436E+02
960.000 1.435E+02
961.000 1.435E+02
962.000 1.435E+02
963.000 1.434E+02
964.000 1.434E+02
965.000 1.434E+02
966.000 1.433E+02
967.000 1.433E+02
968.000 1.433E+02
969.000 1.432E+02
970.000 1.432E+02
971.000 1.432E+02
972.000 1.431E+02
973.000 1.431E+02
974.000 1.431E+02
975.000 1.430E+02
976.000 1.430E+02
977.000 1.430E+02
978.000 1.429E+02
979.000 1.429E+02
980.000 1.429E+02
981.000 1.428E+02
982.000 1.428E+02
983.000 1.428E+02
984.000 1.427E+02
985.000 1.427E+02
986.000 1.427E+02
987.000 1.427E+02
988.000 1.426E+02
989.000 1.426E+02
990.000 1.426E+02
991.000 1.425E+02
992.000 1.425E+02
993.000 1.425E+02
994.000 1.424E+02
995.000 1.424E+02
996.000 1.424E+02
997.000 1.423E+02
998.000 1.423E+02
999.000 1.423E+02
